0.764829	174.731122
0.765829	130.290322
0.766829	119.502818
0.767829	125.299015
0.768829	135.733601
0.769829	143.223286
0.770829	143.784540
0.771829	136.271325
0.772829	121.612836
0.773829	102.051236
0.774829	80.379395
0.775829	59.186558
0.776829	40.303944
0.777829	24.747894
0.778829	12.855177
0.779829	4.425461
0.780829	-1.136222
0.781829	-4.677007
0.782829	-7.153727
0.783829	-9.490450
0.784829	-12.436004
0.785829	-16.423696
0.786829	-21.484204
0.787829	-27.288271
0.788829	-33.238522
0.789829	-38.563073
0.790829	-42.409118
0.791829	-43.936537
0.792829	-42.411489
0.793829	-37.300012
0.794829	-28.361620
0.795829	-15.740942
0.796829	-0.012860
0.797829	17.883575
0.798829	36.752506
0.799829	55.250084
0.800829	71.993277
0.801829	85.668678
0.802829	95.141314
0.803829	99.563460
0.804829	98.483442
0.805829	91.951986
0.806829	80.571956
0.807829	65.415311
0.808829	47.891754
0.809829	29.615744
0.810829	12.273509
0.811829	-2.509937
0.812829	-13.303784
0.813829	-19.004409
0.814829	-18.968365
0.815829	-13.142315
0.816829	-2.125064
0.817829	12.926605
0.818829	30.447806
0.819829	48.617244
0.820829	65.508904
0.821829	79.243748
0.822829	88.141410
0.823829	90.871884
0.824829	86.607223
0.825829	75.169813
0.826829	57.106848
0.827829	33.598326
0.828829	6.306862
0.829829	-22.774348
0.830829	-51.473560
0.831829	-77.592516
0.832829	-99.058471
0.833829	-114.076234
0.834829	-121.280193
0.835829	-119.883265
0.836829	-109.761033
0.837829	-91.392570
0.838829	-65.752148
0.839829	-34.199456
0.840829	1.630198
0.841829	39.935664
0.842829	78.859749
0.843829	116.598998
0.844829	151.513483
0.845829	182.234867
0.846829	207.739277
0.847829	227.343874
0.848829	240.677787
0.849829	247.652302
0.850829	248.431043
0.851829	243.400151
0.852829	233.138476
0.853829	218.387748
0.854829	200.022771
0.855829	179.021418
0.856829	156.431020
0.857829	133.327085
0.858829	110.769480
0.859829	89.758548
0.860829	71.191222
0.861829	55.817139
0.862829	44.194753
0.863829	36.647455
0.864829	33.219681
0.865829	33.634833
0.866829	37.287794
0.867829	43.309616
0.868829	50.655490
0.869829	58.193355
0.870829	64.792509
0.871829	69.412215
0.872829	71.190315
0.873829	69.531836
0.874829	64.197603
0.875829	55.389860
0.876829	43.782245
0.877829	30.435899
0.878829	16.679590
0.879829	3.988880
0.880829	-6.134708
0.881829	-12.284525
0.882829	-13.269626
0.883829	-8.235607
0.884829	3.214563
0.885829	20.903650
0.886829	44.034635
0.887829	71.288417
0.888829	100.965865
0.889829	131.131019
0.890829	159.754280
0.891829	184.855606
0.892829	204.647710
0.893829	217.679251
0.894829	222.978032
0.895829	220.189826
0.896829	209.640318
0.897829	192.245747
0.898829	169.377619
0.899829	142.726289
0.900829	114.164542
0.901829	85.611179
0.902829	58.894593
0.903829	35.616351
0.904829	17.014778
0.905829	3.832467
0.906829	-3.748950
0.907829	-6.044219
0.908829	-3.761261
0.909829	2.102932
0.910829	10.366417
0.911829	19.766412
0.912829	29.063409
0.913829	37.145288
0.914829	43.131433
0.915829	46.473806
0.916829	47.007542
0.917829	44.905943
0.918829	40.607631
0.919829	34.743055
0.920829	28.061003
0.921829	21.355110
0.922829	15.390367
0.923829	10.829634
0.924829	8.160144
0.925829	7.622381
0.926829	9.177191
0.927829	12.543896
0.928829	17.258684
0.929829	22.733444
0.930829	28.314601
0.931829	33.341950
0.932829	37.207493
0.933829	39.414273
0.934829	39.635209
0.935829	37.769843
0.936829	33.968211
0.937829	28.594830
0.938829	22.175943
0.939829	15.346405
0.940829	8.796571
0.941829	3.219182
0.942829	-0.743746
0.943829	-2.554040
0.944829	-1.830476
0.945829	1.599963
0.946829	7.679318
0.947829	16.146773
0.948829	26.580708
0.949829	38.441048
0.950829	51.111604
0.951829	63.942416
0.952829	76.292096
0.953829	87.570172
0.954829	97.279432
0.955829	105.056961
0.956829	110.695722
0.957829	114.132050
0.958829	115.423988
0.959829	114.729450
0.960829	112.284379
0.961829	108.380907
0.962829	103.345518
0.963829	97.517202
0.964829	91.225621
0.965829	84.769761
0.966829	78.403772
0.967829	72.335160
0.968829	66.726219
0.969829	61.695531
0.970829	57.319462
0.971829	53.633661
0.972829	50.634556
0.973829	48.280853
0.974829	46.495030
0.975829	45.165051
0.976829	44.149070
0.977829	43.285188
0.978829	42.402518
0.979829	41.332263
0.980829	39.918803
0.981829	38.030779
0.982829	35.572173
0.983829	32.493396
0.984829	28.802370
0.985829	24.574937
0.986829	19.956065
0.987829	15.145794
0.988829	10.381355
0.989829	5.919206
0.990829	2.017079
0.991829	-1.083974
0.992829	-3.177543
0.993829	-4.109812
0.994829	-3.797517
0.995829	-2.244994
0.996829	0.450936
0.997829	4.115811
0.998829	8.517253
0.999829	13.384770
1.000829	18.429556
1.001829	23.364297
1.002829	27.922972
1.003829	31.880656
1.004829	35.073322
1.005829	37.416726
1.006829	38.913285
1.007829	39.639869
1.008829	39.730957
1.009829	39.361735
1.010829	38.731182
1.011829	38.045160
1.012829	37.499508
1.013829	37.263129
1.014829	37.461083
1.015829	38.158464
1.016829	39.354287
1.017829	40.991000
1.018829	42.967699
1.019829	45.153396
1.020829	47.400296
1.021829	49.557064
1.022829	51.482096
1.023829	53.056792
1.024829	54.198825
1.025829	54.874733
1.026829	55.104089
1.027829	54.950782
1.028829	54.511297
1.029829	53.902957
1.030829	53.252168
1.031829	52.682653
1.032829	52.303701
1.033829	52.198402
1.034829	52.411892
1.035829	52.940260
1.036829	53.727515
1.037829	54.674658
1.038829	55.651501
1.039829	56.508532
1.040829	57.088770
1.041829	57.239630
1.042829	56.824780
1.043829	55.736001
1.044829	53.905051
1.045829	51.314930
1.046829	48.004218
1.047829	44.061197
1.048829	39.615686
1.049829	34.830857
1.050829	29.895048
1.051829	25.013575
1.052829	20.400544
1.053829	16.270664
1.054829	12.831058
1.055829	10.273175
1.056829	8.765792
1.057829	8.449611
1.058829	9.432195
1.059829	11.782915
1.060829	15.527890
1.061829	20.644933
1.062829	27.058497
1.063829	34.634613
1.064829	43.175839
1.065829	52.417050
1.066829	62.030707
1.067829	71.645555
1.068829	80.868206
1.069829	89.304738
1.070829	96.582304
1.071829	102.370740
1.072829	106.404172
1.073829	108.502621
1.074829	108.593609
1.075829	106.732106
1.076829	103.102445
1.077829	97.995114
1.078829	91.778309
1.079829	84.869434
1.080829	77.706590
1.081829	70.720073
1.082829	64.303866
1.083829	58.787137
1.084829	54.405731
1.085829	51.275510
1.086829	49.385178
1.087829	48.615765
1.088829	48.765537
1.089829	49.574975
1.090829	50.751749
1.091829	51.995692
1.092829	53.023780
1.093829	53.595102
1.094829	53.535837
1.095829	52.762644
1.096829	51.289705
1.097829	49.213839
1.098829	46.695234
1.099829	43.938135
1.100829	41.171533
1.101829	38.629854
1.102829	36.533644
1.103829	35.070259
1.104829	34.374555
1.105829	34.510805
1.106829	35.466987
1.107829	37.165365
1.108829	39.476242
1.109829	42.231755
1.110829	45.239660
1.111829	48.297126
1.112829	51.204520
1.113829	53.779203
1.114829	55.869314
1.115829	57.366724
1.116829	58.211776
1.117829	58.387414
1.118829	57.911291
1.119829	56.827845
1.120829	55.200388
1.121829	53.103188
1.122829	50.613555
1.123829	47.803918
1.124829	44.733919
1.125829	41.443113
1.126829	37.949658
1.127829	34.256577
1.128829	30.359432
1.129829	26.254021
1.130829	21.944065
1.131829	17.448899
1.132829	12.811166
1.133829	8.104506
1.134829	3.441246
1.135829	-1.020993
1.136829	-5.082818
1.137829	-8.519175
1.138829	-11.097768
1.139829	-12.597496
1.140829	-12.826892
1.141829	-11.642554
1.142829	-8.967593
1.143829	-4.810059
1.144829	0.718617
1.145829	7.387495
1.146829	14.850960
1.147829	22.679160
1.148829	30.393023
1.149829	37.499305
1.150829	43.525652
1.151829	48.055642
1.152829	50.763846
1.153829	51.450879
1.154829	50.078442
1.155829	46.800641
1.156829	41.962063
1.157829	36.056058
1.158829	29.676053
1.159829	23.466811
1.160829	18.075694
1.161829	14.103926
1.162829	12.057848
1.163829	12.300185
1.164829	15.001313
1.165829	20.095362
1.166829	27.278277
1.167829	36.055196
1.168829	45.796274
1.169829	55.792555
1.170829	65.311861
1.171829	73.654669
1.172829	80.209989
1.173829	84.511250
1.174829	86.292164
1.175829	85.537182
1.176829	82.486043
1.177829	77.585378
1.178829	71.431447
1.179829	64.712821
1.180829	58.153066
1.181829	52.453420
1.182829	48.235473
1.183829	45.983849
1.184829	45.988904
1.185829	48.294954
1.186829	52.694418
1.187829	58.773892
1.188829	65.968723
1.189829	73.617650
1.190829	81.017430
1.191829	87.477473
1.192829	92.374475
1.193829	95.207052
1.194829	95.650355
1.195829	93.605489
1.196829	89.206842
1.197829	82.782688
1.198829	74.808303
1.199829	65.859049
1.200829	56.563441
1.201829	47.556230
1.202829	39.431475
1.203829	32.695620
1.204829	27.720586
1.205829	24.701147
1.206829	23.646234
1.207829	24.407191
1.208829	26.711808
1.209829	30.198398
1.210829	34.449864
1.211829	39.027774
1.212829	43.506427
1.213829	47.506929
1.214829	50.731251
1.215829	52.993286
1.216829	54.226697
1.217829	54.467965
1.218829	53.835634
1.219829	52.509544
1.220829	50.710055
1.221829	48.677278
1.222829	46.650303
1.223829	44.846427
1.224829	43.440391
1.225829	42.545426
1.226829	42.207967
1.227829	42.416704
1.228829	43.113777
1.229829	44.205983
1.230829	45.575978
1.231829	47.093490
1.232829	48.626515
1.233829	50.052531
1.234829	51.269696
1.235829	52.207087
1.236829	52.827841
1.237829	53.124990
1.238829	53.116225
1.239829	52.838658
1.240829	52.343584
1.241829	51.691239
1.242829	50.945567
1.243829	50.168972
1.244829	49.417091
1.245829	48.733963
1.246829	48.150189
1.247829	47.684104
1.248829	47.343369
1.249829	47.126581
1.250829	47.024864
1.251829	47.023477
1.252829	47.103411
1.253829	47.242992
1.254829	47.419479
1.255829	47.610596
1.256829	47.795556
1.257829	47.955595
1.258829	48.074433
1.259829	48.138731
1.260829	48.138555
1.261829	48.067837
1.262829	47.924835
1.263829	47.712593
1.264829	47.439403
1.265829	47.119140
1.266829	46.770748
1.267829	46.416891
1.268829	46.082505
1.269829	45.793330
1.270829	45.574461
1.271829	45.448885
1.272829	45.436025
1.273829	45.550286
1.274829	45.799590
1.275829	46.184146
1.276829	46.696661
1.277829	47.323950
1.278829	48.048730
1.279829	48.851412
1.280829	49.711896
1.281829	50.611365
1.282829	51.534076
1.283829	52.469161
1.284829	53.412411
1.285829	54.367754
1.286829	55.346633
1.287829	56.365435
1.288829	57.442648
1.289829	58.596035
1.290829	59.839796
1.291829	61.181734
1.292829	62.620423
1.293829	64.142372
1.294829	65.719194
1.295829	67.305369
1.296829	68.839787
1.297829	70.250782
1.298829	71.461597
1.299829	72.395868
1.300829	72.983084
1.301829	73.164074
1.302829	72.896468
1.303829	72.160180
1.304829	70.962869
1.305829	69.344461
1.306829	67.375716
1.307829	65.151432
1.308829	62.782975
1.309829	60.390819
1.310829	58.097072
1.311829	56.018013
1.312829	54.256626
1.313829	52.895128
1.314829	51.987516
1.315829	51.553142
1.316829	51.576698
1.317829	52.013850
1.318829	52.797567
1.319829	53.844446
1.320829	55.061038
1.321829	56.350179
1.322829	57.617316
1.323829	58.776832
1.324829	59.758369
1.325829	60.512402
1.326829	61.011312
1.327829	61.246561
1.328829	61.225399
1.329829	60.967569
1.330829	60.502021
1.331829	59.863613
1.332829	59.089823
1.333829	58.217456
1.334829	57.279353
1.335829	56.301482
1.336829	55.302250
1.337829	54.293707
1.338829	53.282977
1.339829	52.273676
1.340829	51.267345
1.341829	50.264871
1.342829	49.267916
1.343829	48.280341
1.344829	47.309629
1.345829	46.368081
1.346829	45.472690
1.347829	44.643902
1.348829	43.904267
1.349829	43.277075
1.350829	42.785003
1.351829	42.448757
1.352829	42.285711
1.353829	42.308556
1.354829	42.523939
1.355829	42.931326
1.356829	43.523077
1.357829	44.285519
1.358829	45.200127
1.359829	46.244702
1.360829	47.394558
1.361829	48.623702
1.362829	49.906014
1.363829	51.216430
1.364829	52.532121
1.365829	53.833511
1.366829	55.104381
1.367829	56.331244
1.368829	57.502644
1.369829	58.608449
1.370829	59.639154
1.371829	60.585172
1.372829	61.436133
1.373829	62.180180
1.374829	62.803269
1.375829	63.288695
1.376829	63.617849
1.377829	63.771941
1.378829	63.733828
1.379829	63.489843
1.380829	63.031619
1.381829	62.357915
1.382829	61.476451
1.383829	60.405724
1.384829	59.176838
1.385829	57.834752
1.386829	56.436539
1.387829	55.047323
1.388829	53.735979
1.389829	52.570829
1.390829	51.615347
1.391829	50.923852
1.392829	50.537213
1.393829	50.478542
1.394829	50.748908
1.395829	51.324007
1.396829	52.155783
1.397829	53.177806
1.398829	54.311039
1.399829	55.469595
1.400829	56.566495
1.401829	57.519432
1.402829	58.256526
1.403829	58.722089
1.404829	58.882370
1.405829	58.730219
1.406829	58.284304
1.407829	57.584249
1.408829	56.685387
1.409829	55.653502
1.410829	54.559577
1.411829	53.474544
1.412829	52.464025
1.413829	51.583086
1.414829	50.870989
1.415829	50.346892
1.416829	50.010180
1.417829	49.844190
1.418829	49.820254
1.419829	49.901746
1.420829	50.048126
1.421829	50.218990
1.422829	50.378112
1.423829	50.497490
1.424829	50.561387
1.425829	50.569573
1.426829	50.536796
1.427829	50.489519
1.428829	50.462409
1.429829	50.494826
1.430829	50.627312
1.431829	50.898079
1.432829	51.339498
1.433829	51.974590
1.434829	52.813519
1.435829	53.850778
1.436829	55.065612
1.437829	56.424716
1.438829	57.885149
1.439829	59.397244
1.440829	60.907512
1.441829	62.361557
1.442829	63.706983
1.443829	64.896306
1.444829	65.889854
1.445829	66.658246
1.446829	67.182897
1.447829	67.455158
1.448829	67.475337
1.449829	67.251720
1.450829	66.799587
1.451829	66.140239
1.452829	65.300015
1.453829	64.309311
1.454829	63.201606
1.455829	62.012483
1.456829	60.778707
1.457829	59.537314
1.458829	58.324712
1.459829	57.175781
1.460829	56.122967
1.461829	55.195384
1.462829	54.417911
1.463829	53.810290
1.464829	53.386225
1.465829	53.152676
1.466829	53.109974
1.467829	53.252499
1.468829	53.569398
1.469829	54.045307
1.470829	54.661072
1.471829	55.394467
1.472829	56.220917
1.473829	57.114219
1.474829	58.047259
1.475829	58.992733
1.476829	59.923853
1.477829	60.815041
1.478829	61.642632
1.479829	62.385569
1.480829	63.026097
1.481829	63.550469
1.482829	63.949634
1.483829	64.219940
1.484829	64.363829
1.485829	64.390262
1.486829	64.314050
1.487829	64.154466
1.488829	63.933801
1.489829	63.675925
1.490829	63.404841
1.491829	63.143247
1.492829	62.911087
1.493829	62.724118
1.494829	62.592465
1.495829	62.519512
1.496829	62.502132
1.497829	62.531768
1.498829	62.595572
1.499829	62.677553
1.500829	62.759716
1.501829	62.823210
1.502829	62.849467
1.503829	62.821349
1.504829	62.724285
1.505829	62.547243
1.506829	62.283001
1.507829	61.927985
1.508829	61.482084
1.509829	60.948453
1.510829	60.333326
1.511829	59.645823
1.512829	58.897758
1.513829	58.103451
1.514829	57.279533
1.515829	56.444678
1.516829	55.619029
1.517829	54.823435
1.518829	54.078683
1.519829	53.404720
1.520829	52.819885
1.521829	52.340131
1.522829	51.978254
1.523829	51.743120
1.524829	51.638897
1.525829	51.664484
1.526829	51.813728
1.527829	52.076109
1.528829	52.437453
1.529829	52.880649
1.530829	53.386364
1.531829	53.933759
1.532829	54.501206
1.533829	55.067002
1.534829	55.610083
1.535829	56.110705
1.536829	56.550976
1.537829	56.915309
1.538829	57.190867
1.539829	57.368011
1.540829	57.440745
1.541829	57.407160
1.542829	57.269884
1.543829	57.036523
1.544829	56.720108
1.545829	56.339239
1.546829	55.917172
1.547829	55.480273
1.548829	55.056445
1.549829	54.673547
1.550829	54.357814
1.551829	54.132281
1.552829	54.015201
1.553829	54.018469
1.554829	54.146051
1.555829	54.392897
1.556829	54.745611
1.557829	55.184110
1.558829	55.683345
1.559829	56.215026
1.560829	56.749343
1.561829	57.256692
1.562829	57.709391
1.563829	58.083410
1.564829	58.360081
1.565829	58.527425
1.566829	58.580083
1.567829	58.518476
1.568829	58.347920
1.569829	58.077740
1.570829	57.720383
1.571829	57.290531
1.572829	56.804217
1.573829	56.277934
1.574829	55.727756
1.575829	55.168588
1.576829	54.613903
1.577829	54.075738
1.578829	53.564697
1.579829	53.089973
1.580829	52.659345
1.581829	52.279201
1.582829	51.954539
1.583829	51.688984
1.584829	51.484793
1.585829	51.342878
1.586829	51.262854
1.587829	51.243096
1.588829	51.280810
1.589829	51.372088
1.590829	51.511981
1.591829	51.694554
1.592829	51.912955
1.593829	52.159475
1.594829	52.425615
1.595829	52.702202
1.596829	52.979679
1.597829	53.248486
1.598829	53.499452
1.599829	53.724175
1.600829	53.915412
1.601829	54.067468
1.602829	54.176579
1.603829	54.241304
1.604829	54.262903
1.605829	54.245560
1.606829	54.196073
1.607829	54.123271
1.608829	54.037415
1.609829	53.949598
1.610829	53.871149
1.611829	53.813034
1.612829	53.785257
1.613829	53.796261
1.614829	53.852337
1.615829	53.957148
1.616829	54.111675
1.617829	54.314356
1.618829	54.561243
1.619829	54.846159
1.620829	55.160847
1.621829	55.495132
1.622829	55.837069
1.623829	56.173102
1.624829	56.488225
1.625829	56.766289
1.626829	56.990817
1.627829	57.146049
1.628829	57.218004
1.629829	57.195543
1.630829	57.071430
1.631829	56.843394
1.632829	56.515192
1.633829	56.097668
1.634829	55.609800
1.635829	55.079064
1.636829	54.539701
1.637829	54.029973
1.638829	53.589363
1.639829	53.255783
1.640829	53.062771
1.641829	53.036696
1.642829	53.193964
1.643829	53.538215
1.644829	54.057565
1.645829	54.723135
1.646829	55.491485
1.647829	56.308908
1.648829	57.115809
1.649829	57.851087
1.650829	58.456515
1.651829	58.881123
1.652829	59.085579
1.653829	59.046570
1.654829	58.761131
1.655829	58.249237
1.656829	57.551189
1.657829	56.722607
1.658829	55.829294
1.659829	54.942111
1.660829	54.131842
1.661829	53.464066
1.662829	52.994026
1.663829	52.761500
1.664829	52.785723
1.665829	53.062140
1.666829	53.564500
1.667829	54.249371
1.668829	55.060769
1.669829	55.934791
1.670829	56.804244
1.671829	57.603279
1.672829	58.272015
1.673829	58.761179
1.674829	59.036683
1.675829	59.082763
1.676829	58.900953
1.677829	58.507209
1.678829	57.928953
1.679829	57.202109
1.680829	56.368147
1.681829	55.471120
1.682829	54.554706
1.683829	53.659250
1.684829	52.818824
1.685829	52.059085
1.686829	51.397323
1.687829	50.843485
1.688829	50.401230
1.689829	50.068991
1.690829	49.841038
1.691829	49.708532
1.692829	49.660591
1.693829	49.685348
1.694829	49.771001
1.695829	49.906674
1.696829	50.082709
1.697829	50.290731
1.698829	50.523705
1.699829	50.775984
1.700829	51.043365
1.701829	51.323141
1.702829	51.614153
1.703829	51.916845
1.704829	52.233313
1.705829	52.567204
1.706829	52.923244
1.707829	53.306584
1.708829	53.722162
1.709829	54.174043
1.710829	54.664774
1.711829	55.194734
1.712829	55.761481
1.713829	56.359108
1.714829	56.977599
1.715829	57.602619
1.716829	58.216384
1.717829	58.798994
1.718829	59.329779
1.719829	59.788649
1.720829	60.157440
1.721829	60.421260
1.722829	60.569840
1.723829	60.598881
1.724829	60.511374
1.725829	60.318248
1.726829	60.037243
1.727829	59.691091
1.728829	59.305650
1.729829	58.908050
1.730829	58.524833
1.731829	58.180101
1.732829	57.893652
1.733829	57.679126
1.734829	57.542177
1.735829	57.479475
1.736829	57.479796
1.737829	57.525953
1.738829	57.596750
1.739829	57.668937
1.740829	57.719170
1.741829	57.725963
1.742829	57.671651
1.743829	57.544339
1.744829	57.339833
1.745829	57.062755
1.746829	56.725658
1.747829	56.347350
1.748829	55.951203
1.749829	55.563455
1.750829	55.211508
1.751829	54.922237
1.752829	54.720288
1.753829	54.626382
1.754829	54.655640
1.755829	54.816414
1.756829	55.110374
1.757829	55.533060
1.758829	56.074463
1.759829	56.719592
1.760829	57.449051
1.761829	58.239616
1.762829	59.064806
1.763829	59.895456
1.764829	60.700302
1.765829	61.446755
1.766829	62.102123
1.767829	62.635019
1.768829	63.016756
1.769829	63.222761
1.770829	63.233973
1.771829	63.038249
1.772829	62.631771
1.773829	62.020451
1.774829	61.221288
1.775829	60.262781
1.776829	59.183074
1.777829	58.027291
1.778829	56.844833
1.779829	55.686680
1.780829	54.602699
1.781829	53.638936
1.782829	52.834927
1.783829	52.220993
1.784829	51.815597
1.785829	51.623874
1.786829	51.638871
1.787829	51.843757
1.788829	52.214066
1.789829	52.719932
1.790829	53.328340
1.791829	54.005360
1.792829	54.718390
1.793829	55.438399
1.794829	56.142128
1.795829	56.813433
1.796829	57.442681
1.797829	58.025472
1.798829	58.561332
1.799829	59.052410
1.800829	59.502178
1.801829	59.914120
1.802829	60.290435
1.803829	60.630730
1.804829	60.930751
1.805829	61.181800
1.806829	61.371694
1.807829	61.486242
1.808829	61.510744
1.809829	61.431486
1.810829	61.237238
1.811829	60.920749
1.812829	60.480246
1.813829	59.920930
1.814829	59.256424
1.815829	58.509246
1.816829	57.709158
1.817829	56.890803
1.818829	56.091311
1.819829	55.347921
1.820829	54.695588
1.821829	54.164597
1.822829	53.778179
1.823829	53.550122
1.824829	53.482450
1.825829	53.564437
1.826829	53.774450
1.827829	54.082738
1.828829	54.454234
1.829829	54.851374
1.830829	55.236899
1.831829	55.576670
1.832829	55.842477
1.833829	56.014846
1.834829	56.085778
1.835829	56.060013
1.836829	55.953230
1.837829	55.789264
1.838829	55.597282
1.839829	55.408971
1.840829	55.255719
1.841829	55.165796
1.842829	55.161541
1.843829	55.256543
1.844829	55.452906
1.845829	55.740052
1.846829	56.096675
1.847829	56.493697
1.848829	56.897249
1.849829	57.271649
1.850829	57.582385
1.851829	57.799096
1.852829	57.898552
1.853829	57.867634
1.854829	57.706224
1.855829	57.428406
1.856829	57.060280
1.857829	56.636723
1.858829	56.198120
1.859829	55.787100
1.860829	55.445269
1.861829	55.209941
1.862829	55.110874
1.863829	55.167004
1.864829	55.383275
1.865829	55.749250
1.866829	56.241219
1.867829	56.825372
1.868829	57.460994
1.869829	58.103669
1.870829	58.708479
1.871829	59.233198
1.872829	59.641497
1.873829	59.906140
1.874829	60.012093
1.875829	59.958060
1.876829	59.754982
1.877829	59.423629
1.878829	58.992173
1.879829	58.493757
1.880829	57.964065
1.881829	57.438897
1.882829	56.951736
1.883829	56.531320
1.884829	56.199276
1.885829	55.968783
1.886829	55.845203
1.887829	55.827269
1.888829	55.908306
1.889829	56.077436
1.890829	56.320789
1.891829	56.622718
1.892829	56.967004
1.893829	57.338073
1.894829	57.722175
1.895829	58.108120
1.896829	58.487179
1.897829	58.852743
1.898829	59.199982
1.899829	59.525499
1.900829	59.826986
1.901829	60.102880
1.902829	60.352020
1.903829	60.573302
1.904829	60.765344
1.905829	60.926328
1.906829	61.054140
1.907829	61.146607
1.908829	61.201732
1.909829	61.217930
1.910829	61.194264
1.911829	61.130675
1.912829	61.028227
1.913829	60.889333
1.914829	60.717984
1.915829	60.519761
1.916829	60.301491
1.917829	60.070789
1.918829	59.835616
1.919829	59.603817
1.920829	59.382673
1.921829	59.178449
1.922829	58.995942
1.923829	58.838025
1.924829	58.705220
1.925829	58.595588
1.926829	58.505183
1.927829	58.428659
1.928829	58.359884
1.929829	58.292545
1.930829	58.220764
1.931829	58.139702
1.932829	58.046177
1.933829	57.939266
1.934829	57.820892
1.935829	57.695937
1.936829	57.571578
1.937829	57.456403
1.938829	57.359536
1.939829	57.289747
1.940829	57.254577
1.941829	57.259451
1.942829	57.306796
1.943829	57.395164
1.944829	57.518393
1.945829	57.665509
1.946829	57.821834
1.947829	57.970425
1.948829	58.093511
1.949829	58.173929
1.950829	58.196566
1.951829	58.149796
1.952829	58.026919
1.953829	57.827596
1.954829	57.559214
1.955829	57.237113
1.956829	56.882967
1.957829	56.522690
1.958829	56.184330
1.959829	55.895971
1.960829	55.683628
1.961829	55.569143
1.962829	55.568088
1.963829	55.687657
1.964829	55.924676
1.965829	56.265069
1.966829	56.685704
1.967829	57.156824
1.968829	57.644492
1.969829	58.113036
1.970829	58.527485
1.971829	58.856021
1.972829	59.072416
1.973829	59.158475
1.974829	59.106370
1.975829	58.919489
1.976829	58.610924
1.977829	58.201392
1.978829	57.717146
1.979829	57.187879
1.980829	56.644639
1.981829	56.117733
1.982829	55.634639
1.983829	55.217917
1.984829	54.883199
1.985829	54.638280
1.986829	54.483912
1.987829	54.415010
1.988829	54.421855
1.989829	54.491308
1.990829	54.608015
1.991829	54.755618
1.992829	54.917961
1.993829	55.080301
1.994829	55.230472
1.995829	55.359504
1.996829	55.461404
1.997829	55.532746
1.998829	55.572256
1.999829	55.580393
2.000829	55.558937
2.001829	55.510573
2.002829	55.438475
2.003829	55.345891
2.004829	55.235746
2.005829	55.110468
2.006829	54.972148
2.007829	54.822780
2.008829	54.664492
2.009829	54.499792
2.010829	54.331803
2.011829	54.164500
2.012829	54.002948
2.013829	53.853544
2.014829	53.724221
2.015829	53.624312
2.016829	53.563895
2.017829	53.553031
2.018829	53.600991
2.019829	53.715492
2.020829	53.901924
2.021829	54.162586
2.022829	54.495917
2.023829	54.895725
2.024829	55.350491
2.025829	55.843448
2.026829	56.353793
2.027829	56.858151
2.028829	57.332037
2.029829	57.751323
2.030829	58.093696
2.031829	58.340129
2.032829	58.476340
2.033829	58.494261
2.034829	58.393401
2.035829	58.181165
2.036829	57.871658
2.037829	57.484179
2.038829	57.041696
2.039829	56.569338
2.040829	56.092874
2.041829	55.637200
2.042829	55.224819
2.043829	54.874328
2.044829	54.598979
2.045829	54.406077
2.046829	54.297548
2.047829	54.270763
2.048829	54.319348
2.049829	54.434007
2.050829	54.603339
2.051829	54.814658
2.052829	55.054809
2.053829	55.310988
2.054829	55.571533
2.055829	55.826398
2.056829	56.067211
2.057829	56.287235
2.058829	56.481337
2.059829	56.645948
2.060829	56.779034
2.061829	56.880053
2.062829	56.949928
2.063829	56.991005
2.064829	57.007009
2.065829	57.002861
2.066829	56.984320
2.067829	56.957591
2.068829	56.928926
2.069829	56.904233
2.070829	56.888678
2.071829	56.886292
2.072829	56.899578
2.073829	56.929112
2.074829	56.973188
2.075829	57.027822
2.076829	57.087243
2.077829	57.144469
2.078829	57.191899
2.079829	57.221886
2.080829	57.227328
2.081829	57.202248
2.082829	57.142375
2.083829	57.045733
2.084829	56.913166
2.085829	56.748407
2.086829	56.557509
2.087829	56.348171
2.088829	56.129058
2.089829	55.909123
2.090829	55.696924
2.091829	55.499950
2.092829	55.323935
2.093829	55.172186
2.094829	55.044958
2.095829	54.939397
2.096829	54.850206
2.097829	54.770433
2.098829	54.692272
2.099829	54.607860
2.100829	54.510068
2.101829	54.393302
2.102829	54.254299
2.103829	54.092921
2.104829	53.912876
2.105829	53.721738
2.106829	53.530085
2.107829	53.350482
2.108829	53.196452
2.109829	53.081464
2.110829	53.017903
2.111829	53.016050
2.112829	53.083063
2.113829	53.221954
2.114829	53.430654
2.115829	53.701893
2.116829	54.024071
2.117829	54.382304
2.118829	54.759480
2.119829	55.137303
2.120829	55.497346
2.121829	55.822103
2.122829	56.096035
2.123829	56.306624
2.124829	56.445351
2.125829	56.508055
2.126829	56.494541
2.127829	56.408058
2.128829	56.254778
2.129829	56.043269
2.130829	55.783977
2.131829	55.488700
2.132829	55.170066
2.133829	54.841011
2.134829	54.514263
2.135829	54.201932
2.136829	53.915203
2.137829	53.664054
2.138829	53.456972
2.139829	53.300670
2.140829	53.199801
2.141829	53.156681
2.142829	53.170999
2.143829	53.239535
2.144829	53.355932
2.145829	53.510895
2.146829	53.692900
2.147829	53.888988
2.148829	54.085553
2.149829	54.269139
2.150829	54.427230
2.151829	54.549044
2.152829	54.626324
2.153829	54.654131
2.154829	54.631558
2.155829	54.561773
2.156829	54.451318
2.157829	54.309272
2.158829	54.146423
2.159829	53.974438
2.160829	53.805028
2.161829	53.649116
2.162829	53.516010
2.163829	53.412568
2.164829	53.342440
2.165829	53.305895
2.166829	53.300302
2.167829	53.320715
2.168829	53.360462
2.169829	53.411724
2.170829	53.466130
2.171829	53.515335
2.172829	53.551610
2.173829	53.568428
2.174829	53.561008
2.175829	53.526535
2.176829	53.464033
2.177829	53.374174
2.178829	53.259092
2.179829	53.122196
2.180829	52.967982
2.181829	52.801848
2.182829	52.629903
2.183829	52.458783
2.184829	52.295456
2.185829	52.146978
2.186829	52.020197
2.187829	51.921447
2.188829	51.856245
2.189829	51.828983
2.190829	51.842625
2.191829	51.898400
2.192829	51.995501
2.193829	52.130773
2.194829	52.298472
2.195829	52.490435
2.196829	52.696706
2.197829	52.906223
2.198829	53.107507
2.199829	53.289354
2.200829	53.441521
2.201829	53.555420
2.202829	53.624803
2.203829	53.646454
2.204829	53.620792
2.205829	53.551859
2.206829	53.446666
2.207829	53.314446
2.208829	53.165906
2.209829	53.012479
2.210829	52.865580
2.211829	52.735854
2.212829	52.632432
2.213829	52.562180
2.214829	52.529032
2.215829	52.533843
2.216829	52.574795
2.217829	52.647867
2.218829	52.747320
2.219829	52.866169
2.220829	52.996662
2.221829	53.130760
2.222829	53.260609
2.223829	53.379023
2.224829	53.479922
2.225829	53.558541
2.226829	53.611397
2.227829	53.636219
2.228829	53.631886
2.229829	53.598362
2.230829	53.536623
2.231829	53.448601
2.232829	53.337110
2.233829	53.205783
2.234829	53.058994
2.235829	52.901701
2.236829	52.739206
2.237829	52.576908
2.238829	52.420057
2.239829	52.273505
2.240829	52.141454
2.241829	52.027217
2.242829	51.932960
2.243829	51.859462
2.244829	51.805901
2.245829	51.769898
2.246829	51.747806
2.247829	51.735028
2.248829	51.726337
2.249829	51.716197
2.250829	51.699081
2.251829	51.669788
2.252829	51.623771
2.253829	51.557448
2.254829	51.468494
2.255829	51.355936
2.256829	51.220062
2.257829	51.062301
2.258829	50.885111
2.259829	50.691862
2.260829	50.486720
2.261829	50.274532
2.262829	50.060711
2.263829	49.851116
2.264829	49.651931
2.265829	49.469461
2.266829	49.309868
2.267829	49.178894
2.268829	49.081589
2.269829	49.022032
2.270829	49.003061
2.271829	49.025993
2.272829	49.090353
2.273829	49.193597
2.274829	49.330903
2.275829	49.495347
2.276829	49.678444
2.277829	49.870724
2.278829	50.062314
2.279829	50.243520
2.280829	50.405402
2.281829	50.540360
2.282829	50.642712
2.283829	50.709272
2.284829	50.739845
2.285829	50.737179
2.286829	50.706445
2.287829	50.654655
2.288829	50.590080
2.289829	50.521673
2.290829	50.458484
2.291829	50.409083
2.292829	50.380977
2.293829	50.380031
2.294829	50.409954
2.295829	50.472192
2.296829	50.566168
2.297829	50.689568
2.298829	50.838628
2.299829	51.008416
2.300829	51.193117
2.301829	51.386319
2.302829	51.581298
2.303829	51.771301
2.304829	51.949821
2.305829	52.110801
2.306829	52.248784
2.307829	52.359048
2.308829	52.437754
2.309829	52.482082
2.310829	52.490373
2.311829	52.462270
2.312829	52.398859
2.313829	52.302807
2.314829	52.178462
2.315829	52.031686
2.316829	51.869475
2.317829	51.699556
2.318829	51.529985
2.319829	51.368737
2.320829	51.223304
2.321829	51.100294
2.322829	51.005018
2.323829	50.941097
2.324829	50.910106
2.325829	50.911574
2.326829	50.943239
2.327829	51.001348
2.328829	51.080950
2.329829	51.176188
2.330829	51.280598
2.331829	51.387400
2.332829	51.489794
2.333829	51.581251
2.334829	51.655797
2.335829	51.708195
2.336829	51.734061
2.337829	51.729969
2.338829	51.693559
2.339829	51.623644
2.340829	51.520312
2.341829	51.385037
2.342829	51.220780
2.343829	51.032101
2.344829	50.825203
2.345829	50.607677
2.346829	50.388004
2.347829	50.175028
2.348829	49.977436
2.349829	49.803230
2.350829	49.659206
2.351829	49.550427
2.352829	49.479701
2.353829	49.447055
2.354829	49.449336
2.355829	49.480440
2.356829	49.532037
2.357829	49.594347
2.358829	49.656912
2.359829	49.709374
2.360829	49.742248
2.361829	49.747699
2.362829	49.720313
2.363829	49.657875
2.364829	49.561982
2.365829	49.437843
2.366829	49.293459
2.367829	49.138741
2.368829	48.984629
2.369829	48.842205
2.370829	48.721812
2.371829	48.632175
2.372829	48.579511
2.373829	48.566657
2.374829	48.592357
2.375829	48.651454
2.376829	48.735743
2.377829	48.834883
2.378829	48.937323
2.379829	49.031214
2.380829	49.105328
2.381829	49.149977
2.382829	49.157931
2.383829	49.125333
2.384829	49.052434
2.385829	48.943438
2.386829	48.805689
2.387829	48.648801
2.388829	48.483785
2.389829	48.322171
2.390829	48.175142
2.391829	48.052657
2.392829	47.962577
2.393829	47.909798
2.394829	47.895544
2.395829	47.917483
2.396829	47.970423
2.397829	48.047066
2.398829	48.138761
2.399829	48.236256
2.400829	48.330453
2.401829	48.413159
2.402829	48.477842
2.403829	48.520379
2.404829	48.539659
2.405829	48.537474
2.406829	48.517914
2.407829	48.486711
2.408829	48.450585
2.409829	48.416592
2.410829	48.391469
2.411829	48.380983
2.412829	48.389274
2.413829	48.418204
2.414829	48.466850
2.415829	48.531660
2.416829	48.607064
2.417829	48.686131
2.418829	48.761228
2.419829	48.824670
2.420829	48.869379
2.421829	48.889537
2.422829	48.881246
2.423829	48.843175
2.424829	48.777067
2.425829	48.687552
2.426829	48.581492
2.427829	48.467291
2.428829	48.354201
2.429829	48.251627
2.430829	48.168437
2.431829	48.112267
2.432829	48.088827
2.433829	48.101213
2.434829	48.149362
2.435829	48.230180
2.436829	48.338110
2.437829	48.465736
2.438829	48.604389
2.439829	48.744755
2.440829	48.877480
2.441829	48.993772
2.442829	49.086014
2.443829	49.148360
2.444829	49.177241
2.445829	49.171395
2.446829	49.131609
2.447829	49.060423
2.448829	48.961845
2.449829	48.841058
2.450829	48.704136
2.451829	48.557748
2.452829	48.408873
2.453829	48.264508
2.454829	48.131393
2.455829	48.015778
2.456829	47.923223
2.457829	47.858404
2.458829	47.824914
2.459829	47.825065
2.460829	47.859693
2.461829	47.927959
2.462829	48.027154
2.463829	48.152501
2.464829	48.297064
2.465829	48.452089
2.466829	48.607608
2.467829	48.753076
2.468829	48.877995
2.469829	48.972550
2.470829	49.028239
2.471829	49.038500
2.472829	48.999344
2.473829	48.909984
2.474829	48.773281
2.475829	48.595469
2.476829	48.385422
2.477829	48.153894
2.478829	47.912756
2.479829	47.674233
2.480829	47.450142
2.481829	47.251125
2.482829	47.085894
2.483829	46.960464
2.484829	46.877575
2.485829	46.836816
2.486829	46.835181
2.487829	46.867653
2.488829	46.927794
2.489829	47.008329
2.490829	47.101734
2.491829	47.200823
2.492829	47.299330
2.493829	47.392502
2.494829	47.477538
2.495829	47.553524
2.496829	47.621044
2.497829	47.681768
2.498829	47.738050
2.499829	47.792513
2.500829	47.847647
2.501829	47.905395
2.502829	47.966747
2.503829	48.031336
2.504829	48.097149
2.505829	48.160704
2.506829	48.217495
2.507829	48.262459
2.508829	48.290437
2.509829	48.296638
2.510829	48.277107
2.511829	48.229184
2.512829	48.151972
2.513829	48.046797
2.514829	47.917516
2.515829	47.770259
2.516829	47.612835
2.517829	47.454125
2.518829	47.303473
2.519829	47.170071
2.520829	47.062351
2.521829	46.987375
2.522829	46.950224
2.523829	46.953389
2.524829	46.996332
2.525829	47.075648
2.526829	47.185573
2.527829	47.318514
2.528829	47.465573
2.529829	47.617080
2.530829	47.763120
2.531829	47.894058
2.532829	48.001075
2.533829	48.076688
2.534829	48.115183
2.535829	48.112707
2.536829	48.067163
2.537829	47.978100
2.538829	47.846602
2.539829	47.675176
2.540829	47.467637
2.541829	47.228997
2.542829	46.965356
2.543829	46.683785
2.544829	46.392177
2.545829	46.098965
2.546829	45.812770
2.547829	45.542041
2.548829	45.294700
2.549829	45.077782
2.550829	44.897077
2.551829	44.756775
2.552829	44.659106
2.553829	44.603986
2.554829	44.588809
2.555829	44.608744
2.556829	44.657294
2.557829	44.726877
2.558829	44.809404
2.559829	44.896861
2.560829	44.981881
2.561829	45.058330
2.562829	45.121881
2.563829	45.170591
2.564829	45.205271
2.565829	45.229181
2.566829	45.247368
2.567829	45.265985
2.568829	45.291604
2.569829	45.330542
2.570829	45.388172
2.571829	45.468244
2.572829	45.572202
2.573829	45.698509
2.574829	45.842235
2.575829	45.995516
2.576829	46.148465
2.577829	46.290096
2.578829	46.409264
2.579829	46.495592
2.580829	46.540406
2.581829	46.537662
2.582829	46.484885
2.583829	46.384083
2.584829	46.242302
2.585829	46.070944
2.586829	45.884485
2.587829	45.699155
2.588829	45.531616
2.589829	45.397646
2.590829	45.310815
2.591829	45.281170
2.592829	45.313911
2.593829	45.408086
2.594829	45.555806
2.595829	45.743108
2.596829	45.951631
2.597829	46.160336
2.598829	46.347221
2.599829	46.491046
2.600829	46.573050
2.601829	46.578669
2.602829	46.499255
2.603829	46.333779
2.604829	46.089883
2.605829	45.782898
2.606829	45.433891
2.607829	45.067659
2.608829	44.710725
2.609829	44.389327
2.610829	44.127417
2.611829	43.944650
2.612829	43.854383
2.613829	43.861686
2.614829	43.962083
2.615829	44.142520
2.616829	44.383369
2.617829	44.660499
2.618829	44.947340
2.619829	45.216947
2.620829	45.444064
2.621829	45.607193
2.622829	45.690656
2.623829	45.686639
2.624829	45.596508
2.625829	45.429935
2.626829	45.203023
2.627829	44.936364
2.628829	44.653119
2.629829	44.377076
2.630829	44.130724
2.631829	43.933319
2.632829	43.798951
2.633829	43.734638
2.634829	43.739097
2.635829	43.803545
2.636829	43.913413
2.637829	44.050102
2.638829	44.192743
2.639829	44.319957
2.640829	44.411608
2.641829	44.450568
2.642829	44.424470
2.643829	44.327448
2.644829	44.161251
2.645829	43.934547
2.646829	43.661431
2.647829	43.359894
2.648829	43.050284
2.649829	42.753781
2.650829	42.490861
2.651829	42.279763
2.652829	42.134960
2.653829	42.065637
2.654829	42.074689
2.655829	42.159128
2.656829	42.311129
2.657829	42.519088
2.658829	42.768699
2.659829	43.044009
2.660829	43.328493
2.661829	43.606116
2.662829	43.862402
2.663829	44.085488
2.664829	44.266891
2.665829	44.401470
2.666829	44.487048
2.667829	44.524010
2.668829	44.514909
2.669829	44.464070
2.670829	44.377194
2.671829	44.260960
2.672829	44.122626
2.673829	43.969639
2.674829	43.809287
2.675829	43.648480
2.676829	43.493591
2.677829	43.350294
2.678829	43.223409
2.679829	43.116736
2.680829	43.032905
2.681829	42.973207
2.682829	42.937440
2.683829	42.923755
2.684829	42.928619
2.685829	42.947109
2.686829	42.973336
2.687829	43.000874
2.688829	43.023193
2.689829	43.034084
2.690829	43.028094
2.691829	43.000954
2.692829	42.950008
2.693829	42.874636
2.694829	42.776491
2.695829	42.659233
2.696829	42.528073
2.697829	42.389300
2.698829	42.249819
2.699829	42.116678
2.700829	41.996602
2.701829	41.895522
2.702829	41.818112
2.703829	41.767322
2.704829	41.744090
2.705829	41.747480
2.706829	41.775002
2.707829	41.822924
2.708829	41.886599
2.709829	41.960781
2.710829	42.039949
2.711829	42.118623
2.712829	42.191687
2.713829	42.254705
2.714829	42.304146
2.715829	42.337382
2.716829	42.352600
2.717829	42.348702
2.718829	42.325218
2.719829	42.282208
2.720829	42.220168
2.721829	42.139940
2.722829	42.042613
2.723829	41.929433
2.724829	41.801744
2.725829	41.661004
2.726829	41.508834
2.727829	41.347072
2.728829	41.177817
2.729829	41.003483
2.730829	40.826846
2.731829	40.651097
2.732829	40.479890
2.733829	40.317388
2.734829	40.168241
2.735829	40.037383
2.736829	39.929771
2.737829	39.850122
2.738829	39.802641
2.739829	39.790760
2.740829	39.816873
2.741829	39.882066
2.742829	39.985856
2.743829	40.125929
2.744829	40.298045
2.745829	40.496320
2.746829	40.713652
2.747829	40.942144
2.748829	41.173537
2.749829	41.399633
2.750829	41.612726
2.751829	41.806028
2.752829	41.974098
2.753829	42.113259
2.754829	42.221846
2.755829	42.300038
2.756829	42.349547
2.757829	42.373303
2.758829	42.375139
2.759829	42.359476
2.760829	42.331003
2.761829	42.294366
2.762829	42.253852
2.763829	42.213073
2.764829	42.174755
2.765829	42.140739
2.766829	42.112054
2.767829	42.089001
2.768829	42.071231
2.769829	42.057822
2.770829	42.047365
2.771829	42.038037
2.772829	42.027683
2.773829	42.013896
2.774829	41.994114
2.775829	41.965737
2.776829	41.926265
2.777829	41.873432
2.778829	41.805338
2.779829	41.720584
2.780829	41.618406
2.781829	41.498809
2.782829	41.362700
2.783829	41.212019
2.784829	41.049764
2.785829	40.879802
2.786829	40.706598
2.787829	40.534947
2.788829	40.369708
2.789829	40.215529
2.790829	40.076581
2.791829	39.956289
2.792829	39.857060
2.793829	39.780023
2.794829	39.724899
2.795829	39.690157
2.796829	39.673266
2.797829	39.670947
2.798829	39.679428
2.799829	39.694697
2.800829	39.712756
2.801829	39.729875
2.802829	39.742842
2.803829	39.749218
2.804829	39.747481
2.805829	39.736969
2.806829	39.717754
2.807829	39.690514
2.808829	39.656406
2.809829	39.616937
2.810829	39.573837
2.811829	39.528930
2.812829	39.484007
2.813829	39.440699
2.814829	39.400386
2.815829	39.364175
2.816829	39.332895
2.817829	39.307103
2.818829	39.287078
2.819829	39.272825
2.820829	39.264073
2.821829	39.260277
2.822829	39.260614
2.823829	39.263989
2.824829	39.269054
2.825829	39.274290
2.826829	39.278089
2.827829	39.278846
2.828829	39.275049
2.829829	39.265365
2.830829	39.248734
2.831829	39.224455
2.832829	39.192275
2.833829	39.152477
2.834829	39.105909
2.835829	39.053898
2.836829	38.998134
2.837829	38.940551
2.838829	38.883208
2.839829	38.828170
2.840829	38.777388
2.841829	38.732583
2.842829	38.695125
2.843829	38.665917
2.844829	38.645327
2.845829	38.633213
2.846829	38.628974
2.847829	38.631601
2.848829	38.639734
2.849829	38.651710
2.850829	38.665616
2.851829	38.679345
2.852829	38.690645
2.853829	38.697173
2.854829	38.696576
2.855829	38.686608
2.856829	38.665270
2.857829	38.630942
2.858829	38.582521
2.859829	38.519555
2.860829	38.442378
2.861829	38.352249
2.862829	38.251482
2.863829	38.143578
2.864829	38.033185
2.865829	37.925762
2.866829	37.827162
2.867829	37.743206
2.868829	37.679255
2.869829	37.639795
2.870829	37.628006
2.871829	37.645342
2.872829	37.691105
2.873829	37.762047
2.874829	37.852302
2.875829	37.953948
2.876829	38.057739
2.877829	38.153841
2.878829	38.232570
2.879829	38.285128
2.880829	38.304340
2.881829	38.285391
2.882829	38.226561
2.883829	38.129931
2.884829	38.001571
2.885829	37.850803
2.886829	37.689213
2.887829	37.529657
2.888829	37.385265
2.889829	37.268446
2.890829	37.189895
2.891829	37.157594
2.892829	37.175825
2.893829	37.244210
2.894829	37.357398
2.895829	37.505874
2.896829	37.677064
2.897829	37.856451
2.898829	38.028690
2.899829	38.178722
2.900829	38.292887
2.901829	38.360042
2.902829	38.372672
2.903829	38.327964
2.904829	38.228214
2.905829	38.080108
2.906829	37.893696
2.907829	37.681367
2.908829	37.456817
2.909829	37.234024
2.910829	37.026215
2.911829	36.844840
2.912829	36.698546
2.913829	36.592182
2.914829	36.526393
2.915829	36.498180
2.916829	36.501715
2.917829	36.529163
2.918829	36.571497
2.919829	36.619324
2.920829	36.663700
2.921829	36.696953
2.922829	36.713498
2.923829	36.710629
2.924829	36.688832
2.925829	36.651321
2.926829	36.603376
2.927829	36.551679
2.928829	36.503650
2.929829	36.466776
2.930829	36.447953
2.931829	36.452816
2.932829	36.485077
2.933829	36.545885
2.934829	36.633583
2.935829	36.744102
2.936829	36.871504
2.937829	37.008542
2.938829	37.147209
2.939829	37.279290
2.940829	37.396916
2.941829	37.493116
2.942829	37.562369
2.943829	37.601137
2.944829	37.608094
2.945829	37.583891
2.946829	37.530802
2.947829	37.452365
2.948829	37.353031
2.949829	37.237804
2.950829	37.111887
2.951829	36.980326
2.952829	36.847656
2.953829	36.717553
2.954829	36.592664
2.955829	36.474683
2.956829	36.364503
2.957829	36.262353
2.958829	36.167952
2.959829	36.080650
2.960829	35.999575
2.961829	35.923779
2.962829	35.852384
2.963829	35.784720
2.964829	35.720410
2.965829	35.659356
2.966829	35.601704
2.967829	35.547809
2.968829	35.498205
2.969829	35.453567
2.970829	35.414678
2.971829	35.382393
2.972829	35.357609
2.973829	35.341226
2.974829	35.334107
2.975829	35.337025
2.976829	35.350609
2.977829	35.375287
2.978829	35.411231
2.979829	35.458306
2.980829	35.516009
2.981829	35.583417
2.982829	35.659132
2.983829	35.741232
2.984829	35.827287
2.985829	35.914471
2.986829	35.999704
2.987829	36.079785
2.988829	36.151532
2.989829	36.211915
2.990829	36.258197
2.991829	36.288068
2.992829	36.299783
2.993829	36.292296
2.994829	36.265317
2.995829	36.219283
2.996829	36.155295
2.997829	36.075069
2.998829	35.980868
2.999829	35.875455
3.000829	35.762029
3.001829	35.644172
3.002829	35.525787
3.003829	35.411042
3.004829	35.304237
3.005829	35.209598
3.006829	35.131040
3.007829	35.071936
3.008829	35.034884
3.009829	35.021474
3.010829	35.032055
3.011829	35.065503
3.012829	35.118990
3.013829	35.187774
3.014829	35.265295
3.015829	35.343685
3.016829	35.414359
3.017829	35.468618
3.018829	35.498246
3.019829	35.496101
3.020829	35.456722
3.021829	35.376918
3.022829	35.256372
3.023829	35.098183
3.024829	34.908896
3.025829	34.697800
3.026829	34.476086
3.027829	34.256002
3.028829	34.050004
3.029829	33.869912
3.030829	33.726065
3.031829	33.626473
3.032829	33.575969
3.033829	33.575429
3.034829	33.621592
3.035829	33.707717
3.036829	33.824406
3.037829	33.960424
3.038829	34.103520
3.039829	34.241254
3.040829	34.361815
3.041829	34.454847
3.042829	34.512268
3.043829	34.529046
3.044829	34.503476
3.045829	34.436806
3.046829	34.332726
3.047829	34.196868
3.048829	34.036292
3.049829	33.858989
3.050829	33.673363
3.051829	33.487735
3.052829	33.309829
3.053829	33.146290
3.054829	33.002413
3.055829	32.882145
3.056829	32.788149
3.057829	32.721857
3.058829	32.683535
3.059829	32.672338
3.060829	32.686370
3.061829	32.722744
3.062829	32.777640
3.063829	32.846376
3.064829	32.923580
3.065829	33.003486
3.066829	33.080264
3.067829	33.148344
3.068829	33.202739
3.069829	33.239372
3.070829	33.255403
3.071829	33.249549
3.072829	33.222414
3.073829	33.176774
3.074829	33.117505
3.075829	33.051067
3.076829	32.984899
3.077829	32.926820
3.078829	32.884424
3.079829	32.864484
3.080829	32.872341
3.081829	32.911311
3.082829	32.982077
3.083829	33.082149
3.084829	33.205869
3.085829	33.345081
3.086829	33.489922
3.087829	33.629622
3.088829	33.753294
3.089829	33.850726
3.090829	33.913181
3.091829	33.934185
3.092829	33.910322
3.093829	33.841959
3.094829	33.733306
3.095829	33.591699
3.096829	33.426739
3.097829	33.249428
3.098829	33.071315
3.099829	32.903627
3.100829	32.756412
3.101829	32.637681
3.102829	32.552539
3.103829	32.502410
3.104829	32.484920
3.105829	32.494583
3.106829	32.523620
3.107829	32.562780
3.108829	32.602165
3.109829	32.632044
3.110829	32.643679
3.111829	32.630147
3.112829	32.587157
3.113829	32.513798
3.114829	32.412646
3.115829	32.289130
3.116829	32.150770
3.117829	32.006420
3.118829	31.865505
3.119829	31.737265
3.120829	31.629990
3.121829	31.550265
3.122829	31.502205
3.123829	31.486772
3.124829	31.501672
3.125829	31.541944
3.126829	31.600642
3.127829	31.669531
3.128829	31.739773
3.129829	31.802626
3.130829	31.850127
3.131829	31.875786
3.132829	31.875279
3.133829	31.847070
3.134829	31.792508
3.135829	31.715323
3.136829	31.621038
3.137829	31.516369
3.138829	31.408631
3.139829	31.305143
3.140829	31.212634
3.141829	31.136644
3.142829	31.080934
3.143829	31.046944
3.144829	31.033720
3.145829	31.038331
3.146829	31.056377
3.147829	31.082490
3.148829	31.110838
3.149829	31.135630
3.150829	31.151613
3.151829	31.154584
3.152829	31.141885
3.153829	31.112861
3.154829	31.068908
3.155829	31.013098
3.156829	30.949737
3.157829	30.883920
3.158829	30.821090
3.159829	30.766596
3.160829	30.725244
3.161829	30.700862
3.162829	30.695852
3.163829	30.710794
3.164829	30.744395
3.165829	30.793796
3.166829	30.854944
3.167829	30.922953
3.168829	30.992472
3.169829	31.058051
3.170829	31.114507
3.171829	31.157291
3.172829	31.182853
3.173829	31.188974
3.174829	31.174856
3.175829	31.140955
3.176829	31.088778
3.177829	31.020682
3.178829	30.939668
3.179829	30.849179
3.180829	30.752899
3.181829	30.654546
3.182829	30.557673
3.183829	30.465474
3.184829	30.380678
3.185829	30.305520
3.186829	30.241732
3.187829	30.190533
3.188829	30.152611
3.189829	30.128113
3.190829	30.116638
3.191829	30.117214
3.192829	30.128296
3.193829	30.147761
3.194829	30.172988
3.195829	30.201022
3.196829	30.228750
3.197829	30.253071
3.198829	30.271073
3.199829	30.280208
3.200829	30.278462
3.201829	30.264533
3.202829	30.238004
3.203829	30.199489
3.204829	30.150608
3.205829	30.093782
3.206829	30.032004
3.207829	29.968617
3.208829	29.907088
3.209829	29.850774
3.210829	29.802705
3.211829	29.765352
3.212829	29.740400
3.213829	29.728552
3.214829	29.729505
3.215829	29.742097
3.216829	29.764485
3.217829	29.794310
3.218829	29.828874
3.219829	29.865314
3.220829	29.900766
3.221829	29.932547
3.222829	29.958321
3.223829	29.976253
3.224829	29.985045
3.225829	29.983853
3.226829	29.972189
3.227829	29.949831
3.228829	29.916718
3.229829	29.872865
3.230829	29.818255
3.231829	29.752753
3.232829	29.676005
3.233829	29.587364
3.234829	29.485942
3.235829	29.370786
3.236829	29.241070
3.237829	29.096278
3.238829	28.936401
3.239829	28.762121
3.240829	28.575004
3.241829	28.377688
3.242829	28.174074
3.243829	27.969461
3.244829	27.770376
3.245829	27.584105
3.246829	27.418198
3.247829	27.279969
3.248829	27.175996
3.249829	27.111625
3.250829	27.090469
3.251829	27.113909
3.252829	27.180600
3.253829	27.286062
3.254829	27.422873
3.255829	27.581382
3.256829	27.750482
3.257829	27.918394
3.258829	28.073441
3.259829	28.204823
3.260829	28.303399
3.261829	28.362464
3.262829	28.378522
3.263829	28.351943
3.264829	28.286870
3.265829	28.190477
3.266829	28.072152
3.267829	27.942678
3.268829	27.813413
3.269829	27.695474
3.270829	27.598916
3.271829	27.531912
3.272829	27.499938
3.273829	27.505072
3.274829	27.545976
3.275829	27.618475
3.276829	27.716192
3.277829	27.831197
3.278829	27.954649
3.279829	28.077433
3.280829	28.190806
3.281829	28.287042
3.282829	28.360068
3.283829	28.406028
3.284829	28.423370
3.285829	28.412539
3.286829	28.375625
3.287829	28.316009
3.288829	28.238013
3.289829	28.146543
3.290829	28.046741
3.291829	27.943632
3.292829	27.841768
3.293829	27.744917
3.294829	27.655964
3.295829	27.576984
3.296829	27.509343
3.297829	27.453794
3.298829	27.410570
3.299829	27.379486
3.300829	27.360033
3.301829	27.351474
3.302829	27.352943
3.303829	27.363528
3.304829	27.382311
3.305829	27.408347
3.306829	27.440658
3.307829	27.478213
3.308829	27.519910
3.309829	27.564566
3.310829	27.610898
3.311829	27.657506
3.312829	27.702862
3.313829	27.745298
3.314829	27.783046
3.315829	27.814306
3.316829	27.837322
3.317829	27.850456
3.318829	27.852264
3.319829	27.841567
3.320829	27.817532
3.321829	27.779740
3.322829	27.728262
3.323829	27.663722
3.324829	27.587264
3.325829	27.500461
3.326829	27.405215
3.327829	27.303659
3.328829	27.198051
3.329829	27.090680
3.330829	26.983760
3.331829	26.879337
3.332829	26.779181
3.333829	26.684702
3.334829	26.596920
3.335829	26.516472
3.336829	26.443640
3.337829	26.378358
3.338829	26.320238
3.339829	26.268583
3.340829	26.222409
3.341829	26.180458
3.342829	26.141222
3.343829	26.102966
3.344829	26.063823
3.345829	26.021929
3.346829	25.975558
3.347829	25.923267
3.348829	25.864030
3.349829	25.797384
3.350829	25.723561
3.351829	25.643633
3.352829	25.559649
3.353829	25.474721
3.354829	25.392865
3.355829	25.318647
3.356829	25.256820
3.357829	25.211953
3.358829	25.188070
3.359829	25.188279
3.360829	25.214406
3.361829	25.266629
3.362829	25.343113
3.363829	25.439743
3.364829	25.550349
3.365829	25.667280
3.366829	25.782007
3.367829	25.885737
3.368829	25.970015
3.369829	26.027333
3.370829	26.051739
3.371829	26.039440
3.372829	25.989412
3.373829	25.903860
3.374829	25.788019
3.375829	25.649476
3.376829	25.497451
3.377829	25.342078
3.378829	25.193685
3.379829	25.062076
3.380829	24.955812
3.381829	24.881491
3.382829	24.843031
3.383829	24.841102
3.384829	24.873248
3.385829	24.934489
3.386829	25.017967
3.387829	25.115590
3.388829	25.218676
3.389829	25.318602
3.390829	25.407443
3.391829	25.478620
3.392829	25.527546
3.393829	25.552135
3.394829	25.552757
3.395829	25.531787
3.396829	25.493128
3.397829	25.441732
3.398829	25.383122
3.399829	25.322915
3.400829	25.266341
3.401829	25.217764
3.402829	25.180207
3.403829	25.154970
3.404829	25.141661
3.405829	25.138522
3.406829	25.142762
3.407829	25.150903
3.408829	25.159116
3.409829	25.163570
3.410829	25.160765
3.411829	25.147876
3.412829	25.123094
3.413829	25.085895
3.414829	25.037000
3.415829	24.978134
3.416829	24.911773
3.417829	24.840885
3.418829	24.768671
3.419829	24.698311
3.420829	24.632707
3.421829	24.574223
3.422829	24.524432
3.423829	24.483917
3.424829	24.452300
3.425829	24.428433
3.426829	24.410594
3.427829	24.396686
3.428829	24.384438
3.429829	24.371600
3.430829	24.356142
3.431829	24.336455
3.432829	24.311546
3.433829	24.281192
3.434829	24.245909
3.435829	24.206802
3.436829	24.165410
3.437829	24.123543
3.438829	24.083126
3.439829	24.046044
3.440829	24.013980
3.441829	23.988259
3.442829	23.969690
3.443829	23.958442
3.444829	23.954072
3.445829	23.955629
3.446829	23.961777
3.447829	23.970913
3.448829	23.981280
3.449829	23.991095
3.450829	23.998658
3.451829	24.002474
3.452829	24.001371
3.453829	23.994591
3.454829	23.981784
3.455829	23.962929
3.456829	23.938263
3.457829	23.908204
3.458829	23.873272
3.459829	23.834016
3.460829	23.790932
3.461829	23.744394
3.462829	23.694570
3.463829	23.641377
3.464829	23.584521
3.465829	23.523595
3.466829	23.458189
3.467829	23.387990
3.468829	23.312887
3.469829	23.233075
3.470829	23.149161
3.471829	23.062266
3.472829	22.974130
3.473829	22.887163
3.474829	22.804309
3.475829	22.728795
3.476829	22.663869
3.477829	22.612543
3.478829	22.577336
3.479829	22.560012
3.480829	22.561322
3.481829	22.580747
3.482829	22.616239
3.483829	22.664069
3.484829	22.719064
3.485829	22.775072
3.486829	22.825434
3.487829	22.863466
3.488829	22.882936
3.489829	22.878537
3.490829	22.846371
3.491829	22.784420
3.492829	22.693024
3.493829	22.575195
3.494829	22.436346
3.495829	22.283695
3.496829	22.125637
3.497829	21.971129
3.498829	21.829064
3.499829	21.707654
3.500829	21.613802
3.501829	21.552487
3.502829	21.526143
3.503829	21.534224
3.504829	21.573427
3.505829	21.638273
3.506829	21.721720
3.507829	21.815767
3.508829	21.912066
3.509829	22.002525
3.510829	22.079919
3.511829	22.138499
3.512829	22.174595
3.513829	22.187050
3.514829	22.177071
3.515829	22.147741
3.516829	22.103532
3.517829	22.049799
3.518829	21.992287
3.519829	21.936633
3.520829	21.887866
3.521829	21.849912
3.522829	21.825096
3.523829	21.813792
3.524829	21.814552
3.525829	21.824494
3.526829	21.839710
3.527829	21.855667
3.528829	21.867613
3.529829	21.870985
3.530829	21.861809
3.531829	21.837106
3.532829	21.795297
3.533829	21.736485
3.534829	21.662336
3.535829	21.575759
3.536829	21.480567
3.537829	21.381138
3.538829	21.282081
3.539829	21.187896
3.540829	21.102638
3.541829	21.029583
3.542829	20.970886
3.543829	20.927347
3.544829	20.898471
3.545829	20.882701
3.546829	20.877645
3.547829	20.880316
3.548829	20.887363
3.549829	20.895309
3.550829	20.900781
3.551829	20.900748
3.552829	20.892753
3.553829	20.875092
3.554829	20.846827
3.555829	20.807711
3.556829	20.758104
3.557829	20.698897
3.558829	20.631429
3.559829	20.557410
3.560829	20.478838
3.561829	20.397920
3.562829	20.316993
3.563829	20.238440
3.564829	20.164606
3.565829	20.097708
3.566829	20.039748
3.567829	19.992420
3.568829	19.957026
3.569829	19.934385
3.570829	19.924744
3.571829	19.927691
3.572829	19.942063
3.573829	19.965918
3.574829	19.996655
3.575829	20.031220
3.576829	20.066318
3.577829	20.098618
3.578829	20.124966
3.579829	20.142589
3.580829	20.149307
3.581829	20.143741
3.582829	20.125521
3.583829	20.095408
3.584829	20.055166
3.585829	20.007317
3.586829	19.954884
3.587829	19.901143
3.588829	19.849363
3.589829	19.802558
3.590829	19.763230
3.591829	19.733116
3.592829	19.712941
3.593829	19.702252
3.594829	19.699538
3.595829	19.702469
3.596829	19.708143
3.597829	19.713335
3.598829	19.714744
3.599829	19.709243
3.600829	19.694120
3.601829	19.667336
3.602829	19.627761
3.603829	19.575339
3.604829	19.511002
3.605829	19.436466
3.606829	19.354032
3.607829	19.266378
3.608829	19.176350
3.609829	19.086765
3.610829	19.000201
3.611829	18.918789
3.612829	18.844019
3.613829	18.776598
3.614829	18.716525
3.615829	18.663248
3.616829	18.615829
3.617829	18.573103
3.618829	18.533849
3.619829	18.496948
3.620829	18.461547
3.621829	18.427225
3.622829	18.394153
3.623829	18.363183
3.624829	18.335745
3.625829	18.313655
3.626829	18.298912
3.627829	18.293508
3.628829	18.299227
3.629829	18.317452
3.630829	18.348962
3.631829	18.393741
3.632829	18.450784
3.633829	18.517994
3.634829	18.592355
3.635829	18.670210
3.636829	18.747546
3.637829	18.820285
3.638829	18.884563
3.639829	18.937022
3.640829	18.975093
3.641829	18.997282
3.642829	19.003454
3.643829	18.994977
3.644829	18.974517
3.645829	18.945675
3.646829	18.912619
3.647829	18.879716
3.648829	18.851165
3.649829	18.830631
3.650829	18.820871
3.651829	18.823375
3.652829	18.837998
3.653829	18.862775
3.654829	18.894192
3.655829	18.927652
3.656829	18.957944
3.657829	18.979717
3.658829	18.987947
3.659829	18.978414
3.660829	18.948168
3.661829	18.896004
3.662829	18.822926
3.663829	18.732373
3.664829	18.629861
3.665829	18.522366
3.666829	18.417709
3.667829	18.323933
3.668829	18.248686
3.669829	18.198601
3.670829	18.178676
3.671829	18.191653
3.672829	18.237411
3.673829	18.312650
3.674829	18.411316
3.675829	18.525324
3.676829	18.645291
3.677829	18.761275
3.678829	18.863502
3.679829	18.943104
3.680829	18.992853
3.681829	19.007896
3.682829	18.986473
3.683829	18.930308
3.684829	18.844173
3.685829	18.735122
3.686829	18.611722
3.687829	18.483273
3.688829	18.359039
3.689829	18.247473
3.690829	18.155442
3.691829	18.087454
3.692829	18.044899
3.693829	18.025638
3.694829	18.024471
3.695829	18.033921
3.696829	18.045038
3.697829	18.048203
3.698829	18.033933
3.699829	17.993678
3.700829	17.920629
3.701829	17.810516
3.702829	17.662403
3.703829	17.479104
3.704829	17.266745
3.705829	17.033985
3.706829	16.791236
3.707829	16.549874
3.708829	16.321458
3.709829	16.116946
3.710829	15.945907
3.711829	15.815739
3.712829	15.730898
3.713829	15.692444
3.714829	15.698331
3.715829	15.743974
3.716829	15.822824
3.717829	15.926944
3.718829	16.047583
3.719829	16.175751
3.720829	16.302796
3.721829	16.420977
3.722829	16.524031
3.723829	16.607559
3.724829	16.668975
3.725829	16.707314
3.726829	16.723022
3.727829	16.717758
3.728829	16.694184
3.729829	16.655768
3.730829	16.606577
3.731829	16.551071
3.732829	16.493905
3.733829	16.439734
3.734829	16.393049
3.735829	16.358026
3.736829	16.338367
3.737829	16.337149
3.738829	16.356668
3.739829	16.398287
3.740829	16.462279
3.741829	16.547675
3.742829	16.652115
3.743829	16.771825
3.744829	16.901882
3.745829	17.036574
3.746829	17.169757
3.747829	17.295226
3.748829	17.407071
3.749829	17.500042
3.750829	17.569914
3.751829	17.613845
3.752829	17.630735
3.753829	17.621386
3.754829	17.588268
3.755829	17.535129
3.756829	17.466619
3.757829	17.387900
3.758829	17.304264
3.759829	17.220746
3.760829	17.141741
3.761829	17.070619
3.762829	17.009351
3.763829	16.958315
3.764829	16.916500
3.765829	16.881841
3.766829	16.851556
3.767829	16.822484
3.768829	16.791422
3.769829	16.755464
3.770829	16.712339
3.771829	16.660745
3.772829	16.600682
3.773829	16.533594
3.774829	16.462129
3.775829	16.389771
3.776829	16.320471
3.777829	16.258278
3.778829	16.206964
3.779829	16.169662
3.780829	16.148488
3.781829	16.144176
3.782829	16.155718
3.783829	16.180233
3.784829	16.213301
3.785829	16.249449
3.786829	16.282641
3.787829	16.306759
3.788829	16.316100
3.789829	16.305857
3.790829	16.272611
3.791829	16.214818
3.792829	16.133282
3.793829	16.031331
3.794829	15.914400
3.795829	15.789429
3.796829	15.664259
3.797829	15.547016
3.798829	15.445513
3.799829	15.366634
3.800829	15.315735
3.801829	15.296029
3.802829	15.308002
3.803829	15.349175
3.804829	15.414559
3.805829	15.497325
3.806829	15.589477
3.807829	15.682524
3.808829	15.768155
3.809829	15.838914
3.810829	15.888871
3.811829	15.914298
3.812829	15.914317
3.813829	15.891170
3.814829	15.849720
3.815829	15.796746
3.816829	15.740214
3.817829	15.688562
3.818829	15.649978
3.819829	15.631676
3.820829	15.639181
3.821829	15.675605
3.822829	15.740951
3.823829	15.831837
3.824829	15.942013
3.825829	16.063115
3.826829	16.185425
3.827829	16.298625
3.828829	16.392558
3.829829	16.457988
3.830829	16.487354
3.831829	16.475532
3.832829	16.420565
3.833829	16.323988
3.834829	16.190372
3.835829	16.026653
3.836829	15.841459
3.837829	15.644423
3.838829	15.445514
3.839829	15.254357
3.840829	15.079551
3.841829	14.927997
3.842829	14.804238
3.843829	14.710132
3.844829	14.645125
3.845829	14.606697
3.846829	14.590808
3.847829	14.592345
3.848829	14.605576
3.849829	14.624589
3.850829	14.643746
3.851829	14.658130
3.852829	14.663979
3.853829	14.658935
3.854829	14.641950
3.855829	14.613105
3.856829	14.573422
3.857829	14.524676
3.858829	14.469210
3.859829	14.409746
3.860829	14.349200
3.861829	14.290497
3.862829	14.236383
3.863829	14.189292
3.864829	14.151281
3.865829	14.124001
3.866829	14.108656
3.867829	14.105969
3.868829	14.116145
3.869829	14.138837
3.870829	14.173106
3.871829	14.217391
3.872829	14.269471
3.873829	14.326517
3.874829	14.385263
3.875829	14.442222
3.876829	14.493896
3.877829	14.536988
3.878829	14.568616
3.879829	14.586522
3.880829	14.589289
3.881829	14.576547
3.882829	14.549180
3.883829	14.509362
3.884829	14.460319
3.885829	14.406020
3.886829	14.350873
3.887829	14.299407
3.888829	14.255969
3.889829	14.224412
3.890829	14.207784
3.891829	14.208019
3.892829	14.225642
3.893829	14.259662
3.894829	14.307769
3.895829	14.366626
3.896829	14.432152
3.897829	14.499802
3.898829	14.564857
3.899829	14.622711
3.900829	14.669148
3.901829	14.700636
3.902829	14.714596
3.903829	14.709552
3.904829	14.685062
3.905829	14.641604
3.906829	14.580453
3.907829	14.503562
3.908829	14.413447
3.909829	14.313063
3.910829	14.205687
3.911829	14.094799
3.912829	13.983961
3.913829	13.876698
3.914829	13.776365
3.915829	13.686023
3.916829	13.608304
3.917829	13.545289
3.918829	13.498371
3.919829	13.468133
3.920829	13.454213
3.921829	13.455180
3.922829	13.468411
3.923829	13.490140
3.924829	13.515740
3.925829	13.540080
3.926829	13.557874
3.927829	13.564027
3.928829	13.553993
3.929829	13.524119
3.930829	13.472001
3.931829	13.396834
3.932829	13.299736
3.933829	13.183813
3.934829	13.053797
3.935829	12.915591
3.936829	12.775812
3.937829	12.641329
3.938829	12.518814
3.939829	12.414276
3.940829	12.332606
3.941829	12.277124
3.942829	12.249138
3.943829	12.247815
3.944829	12.270494
3.945829	12.313102
3.946829	12.370579
3.947829	12.437290
3.948829	12.507454
3.949829	12.575555
3.950829	12.636768
3.951829	12.687375
3.952829	12.725165
3.953829	12.749576
3.954829	12.761457
3.955829	12.762747
3.956829	12.756151
3.957829	12.744817
3.958829	12.732012
3.959829	12.720799
3.960829	12.713715
3.961829	12.712445
3.962829	12.717517
3.963829	12.728217
3.964829	12.742804
3.965829	12.758809
3.966829	12.773321
3.967829	12.783282
3.968829	12.785778
3.969829	12.778334
3.970829	12.759201
3.971829	12.727654
3.972829	12.684259
3.973829	12.630929
3.974829	12.570662
3.975829	12.507208
3.976829	12.444742
3.977829	12.387532
3.978829	12.339608
3.979829	12.304429
3.980829	12.284560
3.981829	12.281333
3.982829	12.294543
3.983829	12.322378
3.984829	12.361693
3.985829	12.408349
3.986829	12.457554
3.987829	12.504212
3.988829	12.543257
3.989829	12.570003
3.990829	12.580481
3.991829	12.571785
3.992829	12.542395
3.993829	12.492295
3.994829	12.422814
3.995829	12.336408
3.996829	12.236441
3.997829	12.126963
3.998829	12.012498
3.999829	11.897819
4.000829	11.787731
4.001829	11.686854
4.002829	11.599407
4.003829	11.529045
4.004829	11.478768
4.005829	11.450836
4.006829	11.446696
4.007829	11.466897
4.008829	11.511011
4.009829	11.577556
4.010829	11.663913
4.011829	11.766249
4.012829	11.879454
4.013829	11.997279
4.014829	12.112736
4.015829	12.218541
4.016829	12.307568
4.017829	12.373299
4.018829	12.410269
4.019829	12.414520
4.020829	12.384047
4.021829	12.319251
4.022829	12.223339
4.023829	12.102293
4.024829	11.964255
4.025829	11.818806
4.026829	11.676242
4.027829	11.546855
4.028829	11.440208
4.029829	11.364411
4.030829	11.325400
4.031829	11.326213
4.032829	11.366329
4.033829	11.441597
4.034829	11.544915
4.035829	11.667049
4.036829	11.797464
4.037829	11.925139
4.038829	12.039396
4.039829	12.130723
4.040829	12.191591
4.041829	12.217288
4.042829	12.206665
4.043829	12.162264
4.044829	12.089640
4.045829	11.996547
4.046829	11.892110
4.047829	11.786010
4.048829	11.687661
4.049829	11.605386
4.050829	11.545602
4.051829	11.511994
4.052829	11.504767
4.053829	11.520550
4.054829	11.553110
4.055829	11.594200
4.056829	11.634423
4.057829	11.664081
4.058829	11.674035
4.059829	11.656563
4.060829	11.606211
4.061829	11.520653
4.062829	11.401466
4.063829	11.254185
4.064829	11.087499
4.065829	10.912284
4.066829	10.740642
4.067829	10.584938
4.068829	10.456835
4.069829	10.366331
4.070829	10.320800
4.071829	10.324019
4.072829	10.375308
4.073829	10.469435
4.074829	10.597476
4.075829	10.747821
4.076829	10.907194
4.077829	11.061663
4.078829	11.197655
4.079829	11.302972
4.080829	11.367800
4.081829	11.385728
4.082829	11.354670
4.083829	11.277012
4.084829	11.158871
4.085829	11.009195
4.086829	10.838861
4.087829	10.659779
4.088829	10.483994
4.089829	10.322782
4.090829	10.185758
4.091829	10.079970
4.092829	10.009081
4.093829	9.973198
4.094829	9.969430
4.095829	9.992580
4.096829	10.035827
4.097829	10.091417
4.098829	10.151346
4.099829	10.208049
4.100829	10.255089
4.101829	10.287838
4.102829	10.304107
4.103829	10.304268
4.104829	10.290819
4.105829	10.267859
4.106829	10.240558
4.107829	10.214633
4.108829	10.195820
4.109829	10.189350
4.110829	10.199416
4.111829	10.228653
4.112829	10.277657
4.113829	10.344901
4.114829	10.427077
4.115829	10.519510
4.116829	10.616571
4.117829	10.712087
4.118829	10.799754
4.119829	10.873551
4.120829	10.928152
4.121829	10.959337
4.122829	10.964373
4.123829	10.942138
4.124829	10.892978
4.125829	10.818512
4.126829	10.721447
4.127829	10.605387
4.128829	10.474641
4.129829	10.334039
4.130829	10.188736
4.131829	10.044027
4.132829	9.905158
4.133829	9.777149
4.134829	9.664637
4.135829	9.571716
4.136829	9.501778
4.137829	9.457355
4.138829	9.439959
4.139829	9.449926
4.140829	9.486258
4.141829	9.546458
4.142829	9.626417
4.143829	9.720547
4.144829	9.822200
4.145829	9.924116
4.146829	10.018887
4.147829	10.099401
4.148829	10.159306
4.149829	10.193458
4.150829	10.198378
4.151829	10.172706
4.152829	10.117593
4.153829	10.036648
4.154829	9.935423
4.155829	9.820841
4.156829	9.700616
4.157829	9.582677
4.158829	9.474593
4.159829	9.382993
4.160829	9.312991
4.161829	9.267610
4.162829	9.247277
4.163829	9.249821
4.164829	9.270980
4.165829	9.304974
4.166829	9.345086
4.167829	9.384232
4.168829	9.415539
4.169829	9.432925
4.170829	9.431667
4.171829	9.408986
4.172829	9.364542
4.173829	9.300441
4.174829	9.220747
4.175829	9.130924
4.176829	9.037282
4.177829	8.946421
4.178829	8.864675
4.179829	8.797556
4.180829	8.749199
4.181829	8.721803
4.182829	8.715158
4.183829	8.726664
4.184829	8.751859
4.185829	8.784996
4.186829	8.819627
4.187829	8.849191
4.188829	8.867594
4.189829	8.869796
4.190829	8.852393
4.191829	8.814199
4.192829	8.756747
4.193829	8.684212
4.194829	8.602799
4.195829	8.520059
4.196829	8.444206
4.197829	8.383431
4.198829	8.345220
4.199829	8.335670
4.200829	8.358803
4.201829	8.415884
4.202829	8.504843
4.203829	8.620357
4.204829	8.754557
4.205829	8.897810
4.206829	9.039504
4.207829	9.168828
4.208829	9.275556
4.209829	9.350834
4.210829	9.387958
4.211829	9.383160
4.212829	9.336279
4.213829	9.250731
4.214829	9.132844
4.215829	8.991109
4.216829	8.835441
4.217829	8.676425
4.218829	8.524575
4.219829	8.389588
4.220829	8.279594
4.221829	8.200415
4.222829	8.154914
4.223829	8.142940
4.224829	8.161801
4.225829	8.206806
4.226829	8.271802
4.227829	8.349715
4.228829	8.433087
4.229829	8.514619
4.230829	8.587707
4.231829	8.646982
4.232829	8.688787
4.233829	8.711267
4.234829	8.714131
4.235829	8.698364
4.236829	8.665951
4.237829	8.619592
4.238829	8.562419
4.239829	8.497715
4.240829	8.428632
4.241829	8.357909
4.242829	8.287623
4.243829	8.219141
4.244829	8.153242
4.245829	8.090260
4.246829	8.030223
4.247829	7.973000
4.248829	7.918439
4.249829	7.866512
4.250829	7.817456
4.251829	7.771913
4.252829	7.731049
4.253829	7.696499
4.254829	7.670180
4.255829	7.654089
4.256829	7.650099
4.257829	7.659752
4.258829	7.684059
4.259829	7.723296
4.260829	7.776798
4.261829	7.842757
4.262829	7.918067
4.263829	7.998447
4.264829	8.078786
4.265829	8.153522
4.266829	8.217015
4.267829	8.263920
4.268829	8.289562
4.269829	8.290312
4.270829	8.263961
4.271829	8.210092
4.272829	8.130384
4.273829	8.028500
4.274829	7.909657
4.275829	7.780151
4.276829	7.646885
4.277829	7.516899
4.278829	7.396896
4.279829	7.292771
4.280829	7.209139
4.281829	7.148864
4.282829	7.112670
4.283829	7.099194
4.284829	7.105394
4.285829	7.126993
4.286829	7.158921
4.287829	7.195762
4.288829	7.232196
4.289829	7.263444
4.290829	7.285713
4.291829	7.296635
4.292829	7.295640
4.293829	7.283903
4.294829	7.263976
4.295829	7.239390
4.296829	7.214251
4.297829	7.192838
4.298829	7.179200
4.299829	7.176759
4.300829	7.187901
4.301829	7.213583
4.302829	7.253001
4.303829	7.303674
4.304829	7.361817
4.305829	7.422758
4.306829	7.481349
4.307829	7.532378
4.308829	7.570978
4.309829	7.593047
4.310829	7.595650
4.311829	7.577439
4.312829	7.538977
4.313829	7.482663
4.314829	7.412347
4.315829	7.332910
4.316829	7.249852
4.317829	7.168872
4.318829	7.095458
4.319829	7.034463
4.320829	6.989696
4.321829	6.963501
4.322829	6.956425
4.323829	6.967274
4.324829	6.993458
4.325829	7.031362
4.326829	7.076726
4.327829	7.125015
4.328829	7.171792
4.329829	7.213093
4.330829	7.245801
4.331829	7.268020
4.332829	7.279370
4.333829	7.280915
4.334829	7.274828
4.335829	7.264029
4.336829	7.251819
4.337829	7.241520
4.338829	7.236113
4.339829	7.237873
4.340829	7.248009
4.341829	7.266303
4.342829	7.290832
4.343829	7.318115
4.344829	7.343550
4.345829	7.361878
4.346829	7.367650
4.347829	7.355692
4.348829	7.321567
4.349829	7.262047
4.350829	7.175571
4.351829	7.062714
4.352829	6.926531
4.353829	6.772379
4.354829	6.607354
4.355829	6.439701
4.356829	6.278231
4.357829	6.131720
4.358829	6.008331
4.359829	5.915013
4.360829	5.856918
4.361829	5.836811
4.362829	5.854608
4.363829	5.907499
4.364829	5.990464
4.365829	6.096828
4.366829	6.218809
4.367829	6.348077
4.368829	6.476302
4.369829	6.595709
4.370829	6.699629
4.371829	6.783050
4.372829	6.843066
4.373829	6.878870
4.374829	6.891430
4.375829	6.883149
4.376829	6.857524
4.377829	6.818796
4.378829	6.771612
4.379829	6.720679
4.380829	6.670422
4.381829	6.624639
4.382829	6.586213
4.383829	6.557050
4.384829	6.538179
4.385829	6.529852
4.386829	6.531650
4.387829	6.542594
4.388829	6.561243
4.389829	6.585809
4.390829	6.614255
4.391829	6.644405
4.392829	6.674043
4.393829	6.700992
4.394829	6.723180
4.395829	6.738698
4.396829	6.745869
4.397829	6.743308
4.398829	6.729984
4.399829	6.705286
4.400829	6.669083
4.401829	6.621792
4.402829	6.564411
4.403829	6.498487
4.404829	6.426013
4.405829	6.349328
4.406829	6.271022
4.407829	6.193826
4.408829	6.120520
4.409829	6.053830
4.410829	5.996323
4.411829	5.950314
4.412829	5.917767
4.413829	5.900233
4.414829	5.898802
4.415829	5.914060
4.416829	5.946042
4.417829	5.994186
4.418829	6.057292
4.419829	6.133470
4.420829	6.220102
4.421829	6.313793
4.422829	6.410372
4.423829	6.505070
4.424829	6.592807
4.425829	6.668485
4.426829	6.727285
4.427829	6.764957
4.428829	6.778119
4.429829	6.764549
4.430829	6.723480
4.431829	6.655891
4.432829	6.564699
4.433829	6.454542
4.434829	6.331326
4.435829	6.201746
4.436829	6.072813
4.437829	5.951385
4.438829	5.843685
4.439829	5.754834
4.440829	5.688372
4.441829	5.645789
4.442829	5.626187
4.443829	5.626459
4.444829	5.641770
4.445829	5.666066
4.446829	5.692572
4.447829	5.714296
4.448829	5.724535
4.449829	5.717380
4.450829	5.688214
4.451829	5.634220
4.452829	5.554749
4.453829	5.451232
4.454829	5.326808
4.455829	5.185937
4.456829	5.034018
4.457829	4.876997
4.458829	4.720986
4.459829	4.571873
4.460829	4.434940
4.461829	4.314472
4.462829	4.213463
4.463829	4.133611
4.464829	4.075491
4.465829	4.038743
4.466829	4.022254
4.467829	4.024341
4.468829	4.042936
4.469829	4.075772
4.470829	4.120565
4.471829	4.175195
4.472829	4.237856
4.473829	4.307048
4.474829	4.381502
4.475829	4.460088
4.476829	4.541736
4.477829	4.625343
4.478829	4.709691
4.479829	4.793361
4.480829	4.874646
4.481829	4.951466
4.482829	5.021328
4.483829	5.081455
4.484829	5.128995
4.485829	5.161246
4.486829	5.175872
4.487829	5.171124
4.488829	5.146059
4.489829	5.100763
4.490829	5.036567
4.491829	4.956264
4.492829	4.864228
4.493829	4.766163
4.494829	4.668665
4.495829	4.578778
4.496829	4.503539
4.497829	4.449533
4.498829	4.422440
4.499829	4.426587
4.500829	4.464502
4.501829	4.536463
4.502829	4.640207
4.503829	4.771158
4.504829	4.922922
4.505829	5.087801
4.506829	5.257307
4.507829	5.422675
4.508829	5.575376
4.509829	5.707629
4.510829	5.812920
4.511829	5.886505
4.512829	5.925794
4.513829	5.930292
4.514829	5.901315
4.515829	5.841701
4.516829	5.755510
4.517829	5.647732
4.518829	5.523994
4.519829	5.390261
4.520829	5.252549
4.521829	5.116622
4.522829	4.987746
4.523829	4.870568
4.524829	4.769053
4.525829	4.686442
4.526829	4.625194
4.527829	4.586936
4.528829	4.572413
4.529829	4.581435
4.530829	4.612824
4.531829	4.664369
4.532829	4.732824
4.533829	4.814098
4.534829	4.903522
4.535829	4.996122
4.536829	5.086903
4.537829	5.171114
4.538829	5.244532
4.539829	5.303731
4.540829	5.346362
4.541829	5.371422
4.542829	5.379429
4.543829	5.372267
4.544829	5.352882
4.545829	5.324974
4.546829	5.292675
4.547829	5.260242
4.548829	5.231741
4.549829	5.210736
4.550829	5.199974
4.551829	5.201072
4.552829	5.214313
4.553829	5.238736
4.554829	5.272378
4.555829	5.312527
4.556829	5.355964
4.557829	5.399220
4.558829	5.438816
4.559829	5.471518
4.560829	5.494584
4.561829	5.506010
4.562829	5.504705
4.563829	5.490462
4.564829	5.463818
4.565829	5.425921
4.566829	5.378389
4.567829	5.323175
4.568829	5.262426
4.569829	5.198347
4.570829	5.133063
4.571829	5.068483
4.572829	5.006191
4.573829	4.947439
4.574829	4.893179
4.575829	4.844093
4.576829	4.800634
4.577829	4.763052
4.578829	4.731435
4.579829	4.705740
4.580829	4.685824
4.581829	4.671486
4.582829	4.662482
4.583829	4.658520
4.584829	4.659239
4.585829	4.664183
4.586829	4.672782
4.587829	4.684323
4.588829	4.697935
4.589829	4.712559
4.590829	4.726932
4.591829	4.739556
4.592829	4.748715
4.593829	4.752562
4.594829	4.749250
4.595829	4.737062
4.596829	4.714542
4.597829	4.680628
4.598829	4.634779
4.599829	4.577111
4.600829	4.508521
4.601829	4.430824
4.602829	4.346792
4.603829	4.259974
4.604829	4.174416
4.605829	4.094375
4.606829	4.024036
4.607829	3.967225
4.608829	3.927125
4.609829	3.905994
4.610829	3.904873
4.611829	3.923313
4.612829	3.959224
4.613829	4.009079
4.614829	4.068277
4.615829	4.131505
4.616829	4.193107
4.617829	4.247443
4.618829	4.289257
4.619829	4.314044
4.620829	4.318411
4.621829	4.300440
4.622829	4.259915
4.623829	4.198199
4.624829	4.117968
4.625829	4.022931
4.626829	3.917563
4.627829	3.806824
4.628829	3.695889
4.629829	3.589870
4.630829	3.493544
4.631829	3.411082
4.632829	3.345834
4.633829	3.300290
4.634829	3.276093
4.635829	3.274070
4.636829	3.294248
4.637829	3.335879
4.638829	3.397466
4.639829	3.476782
4.640829	3.570895
4.641829	3.676192
4.642829	3.788451
4.643829	3.903024
4.644829	4.015080
4.645829	4.119834
4.646829	4.212785
4.647829	4.289956
4.648829	4.348126
4.649829	4.385068
4.650829	4.399787
4.651829	4.392747
4.652829	4.365975
4.653829	4.322821
4.654829	4.267594
4.655829	4.205189
4.656829	4.140720
4.657829	4.079146
4.658829	4.024904
4.659829	3.981531
4.660829	3.951301
4.661829	3.934859
4.662829	3.931031
4.663829	3.937079
4.664829	3.949116
4.665829	3.962528
4.666829	3.972402
4.667829	3.973943
4.668829	3.962902
4.669829	3.935995
4.670829	3.891333
4.671829	3.828829
4.672829	3.750415
4.673829	3.659755
4.674829	3.561784
4.675829	3.462230
4.676829	3.367144
4.677829	3.282428
4.678829	3.213358
4.679829	3.164114
4.680829	3.137308
4.681829	3.133516
4.682829	3.151051
4.683829	3.186273
4.684829	3.234103
4.685829	3.288540
4.686829	3.343187
4.687829	3.391765
4.688829	3.428637
4.689829	3.449326
4.690829	3.451037
4.691829	3.433163
4.692829	3.397539
4.693829	3.348092
4.694829	3.290282
4.695829	3.230530
4.696829	3.175650
4.697829	3.132279
4.698829	3.106307
4.699829	3.102309
4.700829	3.122973
4.701829	3.168549
4.702829	3.236571
4.703829	3.322250
4.704829	3.419084
4.705829	3.519481
4.706829	3.615383
4.707829	3.698887
4.708829	3.762867
4.709829	3.801598
4.710829	3.811376
4.711829	3.791129
4.712829	3.742711
4.713829	3.670507
4.714829	3.580796
4.715829	3.481110
4.716829	3.379583
4.717829	3.284316
4.718829	3.202727
4.719829	3.140906
4.720829	3.102978
4.721829	3.090468
4.722829	3.101999
4.723829	3.133692
4.724829	3.179806
4.725829	3.233387
4.726829	3.286919
4.727829	3.332966
4.728829	3.364823
4.729829	3.377168
4.730829	3.366703
4.731829	3.332789
4.732829	3.277741
4.733829	3.206396
4.734829	3.125443
4.735829	3.042744
4.736829	2.966660
4.737829	2.905370
4.738829	2.866193
4.739829	2.854913
4.740829	2.875100
4.741829	2.927449
4.742829	3.009473
4.743829	3.115933
4.744829	3.239504
4.745829	3.371456
4.746829	3.502327
4.747829	3.622604
4.748829	3.723395
4.749829	3.797108
4.750829	3.838128
4.751829	3.843475
4.752829	3.813145
4.753829	3.749789
4.754829	3.658177
4.755829	3.544664
4.756829	3.416648
4.757829	3.282033
4.758829	3.148691
4.759829	3.023921
4.760829	2.913916
4.761829	2.823231
4.762829	2.754480
4.763829	2.708478
4.764829	2.684523
4.765829	2.680682
4.766829	2.694073
4.767829	2.721158
4.768829	2.758023
4.769829	2.800664
4.770829	2.845276
4.771829	2.888528
4.772829	2.927754
4.773829	2.960936
4.774829	2.986646
4.775829	3.003968
4.776829	3.012439
4.777829	3.011973
4.778829	3.002795
4.779829	2.985375
4.780829	2.960354
4.781829	2.928482
4.782829	2.890573
4.783829	2.847507
4.784829	2.800250
4.785829	2.749871
4.786829	2.697561
4.787829	2.644650
4.788829	2.592626
4.789829	2.543154
4.790829	2.498091
4.791829	2.459503
4.792829	2.429640
4.793829	2.410813
4.794829	2.405263
4.795829	2.415014
4.796829	2.441738
4.797829	2.486613
4.798829	2.550180
4.799829	2.632208
4.800829	2.731549
4.801829	2.846009
4.802829	2.972328
4.803829	3.106384
4.804829	3.243453
4.805829	3.378481
4.806829	3.506341
4.807829	3.622107
4.808829	3.721314
4.809829	3.800225
4.810829	3.856097
4.811829	3.887435
4.812829	3.894118
4.813829	3.877254
4.814829	3.838980
4.815829	3.782250
4.816829	3.710630
4.817829	3.628085
4.818829	3.538773
4.819829	3.446835
4.820829	3.356189
4.821829	3.270323
4.822829	3.192161
4.823829	3.124052
4.824829	3.067792
4.825829	3.024648
4.826829	2.995381
4.827829	2.980273
4.828829	2.979145
4.829829	2.991385
4.830829	3.015971
4.831829	3.051494
4.832829	3.096203
4.833829	3.148074
4.834829	3.204892
4.835829	3.264335
4.836829	3.324048
4.837829	3.381730
4.838829	3.435213
4.839829	3.482540
4.840829	3.522051
4.841829	3.552457
4.842829	3.572882
4.843829	3.582842
4.844829	3.582200
4.845829	3.571131
4.846829	3.550076
4.847829	3.519704
4.848829	3.480870
4.849829	3.434576
4.850829	3.381927
4.851829	3.324093
4.852829	3.262274
4.853829	3.197676
4.854829	3.131483
4.855829	3.064844
4.856829	2.998843
4.857829	2.934477
4.858829	2.872640
4.859829	2.814093
4.860829	2.759447
4.861829	2.709136
4.862829	2.663415
4.863829	2.622371
4.864829	2.585937
4.865829	2.553918
4.866829	2.526006
4.867829	2.501801
4.868829	2.480827
4.869829	2.462554
4.870829	2.446415
4.871829	2.431826
4.872829	2.418210
4.873829	2.405025
4.874829	2.391800
4.875829	2.378164
4.876829	2.363881
4.877829	2.348879
4.878829	2.333285
4.879829	2.317455
4.880829	2.302008
4.881829	2.287854
4.882829	2.276173
4.883829	2.268316
4.884829	2.265687
4.885829	2.269622
4.886829	2.281275
4.887829	2.301493
4.888829	2.330701
4.889829	2.368785
4.890829	2.414966
4.891829	2.467699
4.892829	2.524667
4.893829	2.582961
4.894829	2.639302
4.895829	2.690258
4.896829	2.732463
4.897829	2.762842
4.898829	2.778825
4.899829	2.778572
4.900829	2.761192
4.901829	2.726949
4.902829	2.677314
4.903829	2.614774
4.904829	2.542589
4.905829	2.464539
4.906829	2.384678
4.907829	2.307089
4.908829	2.235631
4.909829	2.173697
4.910829	2.123962
4.911829	2.088146
4.912829	2.066910
4.913829	2.059948
4.914829	2.066123
4.915829	2.083606
4.916829	2.110016
4.917829	2.142555
4.918829	2.178150
4.919829	2.213588
4.920829	2.245660
4.921829	2.271289
4.922829	2.287663
4.923829	2.292330
4.924829	2.283299
4.925829	2.259136
4.926829	2.219062
4.927829	2.163052
4.928829	2.091928
4.929829	2.007461
4.930829	1.912465
4.931829	1.810883
4.932829	1.707701
4.933829	1.608628
4.934829	1.519714
4.935829	1.446972
4.936829	1.396003
4.937829	1.371615
4.938829	1.377441
4.939829	1.415569
4.940829	1.486155
4.941829	1.587078
4.942829	1.713907
4.943829	1.860325
4.944829	2.018653
4.945829	2.180375
4.946829	2.336661
4.947829	2.478892
4.948829	2.599187
4.949829	2.690922
4.950829	2.749259
4.951829	2.771641
4.952829	2.757951
4.953829	2.710217
4.954829	2.632213
4.955829	2.529061
4.956829	2.406830
4.957829	2.272140
4.958829	2.131760
4.959829	1.992212
4.960829	1.859372
4.961829	1.738089
4.962829	1.631994
4.963829	1.543575
4.964829	1.474313
4.965829	1.424803
4.966829	1.394891
4.967829	1.383801
4.968829	1.390270
4.969829	1.412671
4.970829	1.449150
4.971829	1.497749
4.972829	1.556480
4.973829	1.623345
4.974829	1.696324
4.975829	1.773381
4.976829	1.852457
4.977829	1.931471
4.978829	2.008315
4.979829	2.080854
4.980829	2.146926
4.981829	2.204337
4.982829	2.250910
4.983829	2.284568
4.984829	2.303437
4.985829	2.305949
4.986829	2.290937
4.987829	2.257744
4.988829	2.206314
4.989829	2.137300
4.990829	2.052162
4.991829	1.953255
4.992829	1.843791
4.993829	1.727643
4.994829	1.609111
4.995829	1.492696
4.996829	1.382860
4.997829	1.283807
4.998829	1.199242
4.999829	1.132145
5.000829	1.084540
5.001829	1.057279
5.002829	1.049997
5.003829	1.061279
5.004829	1.088865
5.005829	1.129860
5.006829	1.180938
5.007829	1.238553
5.008829	1.299144
5.009829	1.359343
5.010829	1.416183
5.011829	1.467291
5.012829	1.510975
5.013829	1.546162
5.014829	1.572319
5.015829	1.589361
5.016829	1.597577
5.017829	1.597535
5.018829	1.590006
5.019829	1.575877
5.020829	1.556064
5.021829	1.531436
5.022829	1.502773
5.023829	1.470768
5.024829	1.436048
5.025829	1.399186
5.026829	1.360715
5.027829	1.321145
5.028829	1.280977
5.029829	1.240719
5.030829	1.200898
5.031829	1.162077
5.032829	1.124861
5.033829	1.089883
5.034829	1.057805
5.035829	1.029299
5.036829	1.005047
5.037829	0.985726
5.038829	0.972002
5.039829	0.964520
5.040829	0.963894
5.041829	0.970701
5.042829	0.985447
5.043829	1.008530
5.044829	1.040183
5.045829	1.080432
5.046829	1.129045
5.047829	1.185482
5.048829	1.248849
5.049829	1.317846
5.050829	1.390722
5.051829	1.465236
5.052829	1.538714
5.053829	1.608214
5.054829	1.670720
5.055829	1.723320
5.056829	1.763397
5.057829	1.788816
5.058829	1.798106
5.059829	1.790654
5.060829	1.766883
5.061829	1.728421
5.062829	1.678053
5.063829	1.619448
5.064829	1.556845
5.065829	1.494734
5.066829	1.437543
5.067829	1.389323
5.068829	1.353435
5.069829	1.332227
5.070829	1.326730
5.071829	1.336368
5.072829	1.358975
5.073829	1.391124
5.074829	1.428515
5.075829	1.466362
5.076829	1.499779
5.077829	1.524165
5.078829	1.535592
5.079829	1.531193
5.080829	1.509544
5.081829	1.471012
5.082829	1.417773
5.083829	1.353466
5.084829	1.282789
5.085829	1.211101
5.086829	1.144020
5.087829	1.087017
5.088829	1.045017
5.089829	1.021997
5.090829	1.020585
5.091829	1.041695
5.092829	1.084471
5.093829	1.146569
5.094829	1.224479
5.095829	1.313854
5.096829	1.409837
5.097829	1.507394
5.098829	1.601633
5.099829	1.688139
5.100829	1.763298
5.101829	1.824601
5.102829	1.870727
5.103829	1.901423
5.104829	1.917329
5.105829	1.919820
5.106829	1.910842
5.107829	1.892740
5.108829	1.868103
5.109829	1.839593
5.110829	1.809781
5.111829	1.780995
5.112829	1.755229
5.113829	1.734124
5.114829	1.718962
5.115829	1.710657
5.116829	1.709747
5.117829	1.716386
5.118829	1.730338
5.119829	1.750963
5.120829	1.777218
5.121829	1.807649
5.122829	1.840435
5.123829	1.873489
5.124829	1.904548
5.125829	1.931279
5.126829	1.951377
5.127829	1.962662
5.128829	1.963184
5.129829	1.951319
5.130829	1.925868
5.131829	1.886153
5.132829	1.832046
5.133829	1.763957
5.134829	1.682797
5.135829	1.589955
5.136829	1.487269
5.137829	1.376994
5.138829	1.261779
5.139829	1.144634
5.140829	1.028903
5.141829	0.918226
5.142829	0.816425
5.143829	0.727327
5.144829	0.654568
5.145829	0.601401
5.146829	0.570508
5.147829	0.563805
5.148829	0.582249
5.149829	0.625651
5.150829	0.692481
5.151829	0.779712
5.152829	0.882922
5.153829	0.996626
5.154829	1.114657
5.155829	1.230531
5.156829	1.337820
5.157829	1.430530
5.158829	1.503465
5.159829	1.552604
5.160829	1.575474
5.161829	1.571467
5.162829	1.541834
5.163829	1.489366
5.164829	1.418023
5.165829	1.332578
5.166829	1.238251
5.167829	1.140342
5.168829	1.043875
5.169829	0.953227
5.170829	0.871771
5.171829	0.801553
5.172829	0.743256
5.173829	0.696432
5.174829	0.659762
5.175829	0.631319
5.176829	0.608829
5.177829	0.589934
5.178829	0.572455
5.179829	0.554655
5.180829	0.535498
5.181829	0.514879
5.182829	0.493620
5.183829	0.473257
5.184829	0.455811
5.185829	0.443544
5.186829	0.438727
5.187829	0.443404
5.188829	0.459154
5.189829	0.486856
5.190829	0.526450
5.191829	0.576743
5.192829	0.635432
5.193829	0.699336
5.194829	0.764652
5.195829	0.827208
5.196829	0.882720
5.197829	0.927048
5.198829	0.956448
5.199829	0.967833
5.200829	0.959022
5.201829	0.928968
5.202829	0.877793
5.203829	0.806671
5.204829	0.717674
5.205829	0.613635
5.206829	0.498001
5.207829	0.374691
5.208829	0.247949
5.209829	0.122201
5.210829	0.001911
5.211829	-0.108558
5.212829	-0.205075
5.213829	-0.283851
5.214829	-0.341550
5.215829	-0.375405
5.216829	-0.383325
5.217829	-0.364009
5.218829	-0.317055
5.219829	-0.243077
5.220829	-0.143810
5.221829	-0.022196
5.222829	0.117729
5.223829	0.271094
5.224829	0.432473
5.225829	0.596169
5.226829	0.756494
5.227829	0.908048
5.228829	1.046002
5.229829	1.166379
5.230829	1.266331
5.231829	1.344383
5.232829	1.400415
5.233829	1.435448
5.234829	1.451409
5.235829	1.450885
5.236829	1.436892
5.237829	1.412629
5.238829	1.381243
5.239829	1.345588
5.240829	1.307989
5.241829	1.270034
5.242829	1.232557
5.243829	1.195772
5.244829	1.159423
5.245829	1.122931
5.246829	1.085549
5.247829	1.046509
5.248829	1.005170
5.249829	0.961174
5.250829	0.914589
5.251829	0.866037
5.252829	0.816669
5.253829	0.768022
5.254829	0.721874
5.255829	0.680082
5.256829	0.644441
5.257829	0.616521
5.258829	0.597524
5.259829	0.588123
5.260829	0.588319
5.261829	0.597313
5.262829	0.613565
5.263829	0.634979
5.264829	0.659099
5.265829	0.683320
5.266829	0.705077
5.267829	0.722056
5.268829	0.732388
5.269829	0.734854
5.270829	0.729083
5.271829	0.715711
5.272829	0.696320
5.273829	0.673201
5.274829	0.649111
5.275829	0.627020
5.276829	0.609863
5.277829	0.600292
5.278829	0.600424
5.279829	0.611596
5.280829	0.634112
5.281829	0.667049
5.282829	0.708318
5.283829	0.754917
5.284829	0.803213
5.285829	0.849213
5.286829	0.888843
5.287829	0.918222
5.288829	0.933938
5.289829	0.933329
5.290829	0.914748
5.291829	0.877802
5.292829	0.823323
5.293829	0.753176
5.294829	0.670040
5.295829	0.577192
5.296829	0.478292
5.297829	0.377167
5.298829	0.277593
5.299829	0.183079
5.300829	0.096654
5.301829	0.020679
5.302829	-0.043191
5.303829	-0.093930
5.304829	-0.131067
5.305829	-0.154601
5.306829	-0.164922
5.307829	-0.162728
5.308829	-0.148945
5.309829	-0.124645
5.310829	-0.090968
5.311829	-0.049048
5.312829	-0.000000
5.313829	0.055060
5.314829	0.114994
5.315829	0.178612
5.316829	0.244652
5.317829	0.311751
5.318829	0.378427
5.319829	0.443048
5.320829	0.503812
5.321829	0.558738
5.322829	0.605730
5.323829	0.642693
5.324829	0.667662
5.325829	0.678915
5.326829	0.675102
5.327829	0.655361
5.328829	0.619444
5.329829	0.567840
5.330829	0.501892
5.331829	0.423879
5.332829	0.336919
5.333829	0.244734
5.334829	0.151414
5.335829	0.061180
5.336829	-0.021859
5.337829	-0.093943
5.338829	-0.151899
5.339829	-0.193381
5.340829	-0.217111
5.341829	-0.223056
5.342829	-0.212376
5.343829	-0.187194
5.344829	-0.150365
5.345829	-0.105231
5.346829	-0.055390
5.347829	-0.004457
5.348829	0.044175
5.349829	0.087572
5.350829	0.123492
5.351829	0.150583
5.352829	0.168366
5.353829	0.177100
5.354829	0.177626
5.355829	0.171219
5.356829	0.159430
5.357829	0.143941
5.358829	0.126406
5.359829	0.108306
5.360829	0.090791
5.361829	0.074562
5.362829	0.059881
5.363829	0.046659
5.364829	0.034560
5.365829	0.023096
5.366829	0.011729
5.367829	-0.000029
5.368829	-0.012522
5.369829	-0.025843
5.370829	-0.039742
5.371829	-0.053551
5.372829	-0.066231
5.373829	-0.076488
5.374829	-0.082896
5.375829	-0.084024
5.376829	-0.078558
5.377829	-0.065423
5.378829	-0.043910
5.379829	-0.013798
5.380829	0.024525
5.381829	0.069971
5.382829	0.120831
5.383829	0.174937
5.384829	0.229842
5.385829	0.282996
5.386829	0.331922
5.387829	0.374391
5.388829	0.408598
5.389829	0.433342
5.390829	0.448196
5.391829	0.453635
5.392829	0.450953
5.393829	0.442050
5.394829	0.429217
5.395829	0.414919
5.396829	0.401570
5.397829	0.391323
5.398829	0.385845
5.399829	0.386101
5.400829	0.392135
5.401829	0.402927
5.402829	0.416510
5.403829	0.430261
5.404829	0.441198
5.405829	0.446279
5.406829	0.442703
5.407829	0.428203
5.408829	0.401350
5.409829	0.361850
5.410829	0.310837
5.411829	0.251070
5.412829	0.186696
5.413829	0.122786
5.414829	0.064842
5.415829	0.018312
5.416829	-0.011904
5.417829	-0.021938
5.418829	-0.009447
5.419829	0.025904
5.420829	0.081951
5.421829	0.153736
5.422829	0.233924
5.423829	0.313629
5.424829	0.383265
5.425829	0.433404
5.426829	0.455627
5.427829	0.443381
5.428829	0.392830
5.429829	0.303711
5.430829	0.180182
5.431829	0.031304
5.432829	-0.129805
5.433829	-0.287581
5.434829	-0.425671
5.435829	-0.528587
5.436829	-0.583366
5.437829	-0.581228
5.438829	-0.519231
5.439829	-0.401929
5.440829	-0.243008
5.441829	-0.065732
5.442829	0.100873
5.443829	0.228221
5.444829	0.294511
5.445829	0.291082
5.446829	0.228762
5.447829	0.144216
5.448829	0.106298
5.449829	0.222401
