174.731122
38.090285
324.208582
-169.361644
166.198241
-280.393225
438.415551
-404.115675
532.141107
-576.111272
375.815796
295.423259
-184.553175
327.472187
-384.063976
673.564153
-319.882386
248.320462
-147.913548
184.405102
-153.942340
198.909664
81.892644
23.585096
69.428822
-69.302064
87.164956
0.679388
85.267985
24.864862
93.603135
-14.035972
-3.292767
206.327927
-21.977654
107.271154
-14.065175
86.965831
43.129015
18.901582
-77.094295
173.068627
-137.633911
246.108353
-106.923626
244.865031
-86.614149
116.079654
7.621035
69.524499
43.672046
47.128903
50.938079
39.373428
55.785988
57.595510
94.753831
27.795736
72.355101
56.307228
49.236231
34.899793
53.077931
64.538690
68.599443
33.160754
76.476551
39.283514
57.836284
41.294425
74.223755
67.272060
46.625531
56.556322
69.709569
58.785833
65.930847
59.248715
46.552686
56.356743
60.962406
47.660878
63.104369
56.233236
49.664363
51.499782
56.363535
51.715430
56.348352
60.856408
43.042692
73.558916
37.619293
70.885766
49.058379
48.574665
52.151782
54.261311
66.403083
52.445090
62.700954
49.126490
59.973227
70.926060
42.225709
58.415034
59.896312
65.918967
44.879156
63.226617
48.003732
66.399224
45.497252
68.825450
51.372200
57.856127
61.068901
62.343298
57.323319
59.386003
54.638372
62.639306
48.638557
66.689870
50.491903
56.439366
55.616249
54.034683
51.316731
64.384572
51.035886
55.599751
58.097407
55.672092
59.081814
53.424847
56.144364
49.447142
59.521037
54.872950
50.813309
57.431993
51.401867
54.824621
52.503320
50.239056
56.201088
50.573301
54.146774
53.960098
50.795577
52.613311
49.883105
47.384662
52.693099
48.828067
51.978728
53.734053
49.417079
52.085932
52.290944
47.365608
51.992135
46.049611
51.708596
45.613612
50.198478
46.835149
50.753291
46.016372
50.732154
48.098073
46.669006
51.557202
44.823622
48.216072
47.286814
49.746007
44.830687
49.484670
47.616362
42.680173
46.520535
43.785760
49.509822
41.252332
51.807946
37.909119
51.264165
38.975969
48.995560
37.928456
45.960292
44.402090
41.780962
44.386478
40.419751
42.775360
42.461780
40.458133
38.374112
43.412698
41.942642
42.050249
42.129966
38.801302
40.236000
39.361070
39.088820
39.594420
38.305693
38.783637
38.899276
36.057562
40.681639
34.067862
41.682380
34.196653
38.371922
34.728049
39.100645
36.459702
35.881703
35.153633
35.272087
37.038326
35.579280
33.975238
37.567081
30.806358
36.690496
32.592964
32.085747
34.535245
30.983127
36.497314
30.285944
34.681159
29.482221
33.645082
29.666961
32.332085
29.496702
32.155164
30.368160
29.685173
30.945340
29.057094
30.319237
29.886646
28.902765
24.946880
30.898941
25.319405
29.799591
27.510694
27.110654
27.670365
28.297992
26.587028
26.036725
26.082721
23.875492
28.151552
22.749013
27.015517
24.263932
25.930038
23.964262
24.753470
23.564204
24.287146
23.716769
23.312410
21.586281
24.472631
19.573932
23.649347
20.785024
22.884039
20.155760
21.385747
20.394921
19.364895
20.871428
19.051073
20.379567
18.456719
18.649474
17.691285
19.950377
17.848765
20.315571
16.206502
21.199061
16.153340
20.140451
13.452285
17.466117
16.602560
15.546328
18.981077
16.245694
17.418069
15.047496
17.753883
13.409755
17.701188
13.690506
18.833906
13.291602
15.366995
14.089224
13.770217
15.430372
13.216504
15.514823
14.140065
12.694937
14.715307
10.817488
13.593110
12.086232
13.548526
11.267762
13.631129
11.234474
10.960501
14.208895
8.963106
14.503513
9.500624
13.928357
7.384867
14.270033
7.950374
11.634034
8.925723
12.156051
9.976337
8.388055
11.882738
7.671635
10.904148
7.284881
10.374480
6.292759
11.809552
6.301550
9.673947
8.144729
7.903406
7.040697
9.695598
5.785802
8.264504
6.173895
8.825821
5.831622
8.096169
6.423383
8.701409
3.839604
8.053902
6.168369
6.591954
7.138204
5.557339
5.809738
8.064661
4.203897
7.109315
3.497261
4.021520
4.850881
5.986502
2.703811
7.416995
4.978815
3.757449
6.341685
4.409190
6.127413
4.984663
4.537169
4.688472
5.081339
2.819730
5.495038
2.848025
3.072639
5.511188
2.939042
5.081954
1.728834
4.841264
1.499002
5.638416
1.400108
5.046089
0.897571
5.808393
1.746189
3.107868
3.153435
2.426885
1.935148
4.950515
3.065941
2.607281
3.883144
3.539744
2.600890
2.406979
2.386096
1.937628
3.637283
1.415762
2.456016
2.541694
-0.176359
4.509685
1.209999
1.112451
2.311213
2.775956
0.150575
1.764270
1.657679
1.212411
0.768909
1.117450
2.611936
0.331915
2.635634
-0.196587
2.485325
1.711734
1.500376
2.481891
1.105941
-0.440577
2.934293
0.143979
0.946123
-0.210864
1.910656
-0.166708
-1.238128
2.246357
1.073941
1.216697
0.057145
1.311148
-0.116897
1.848801
-0.325745
-0.326364
0.504987
1.232201
-1.106910
0.629597
-0.090666
0.138975
-0.460767
1.015904
-0.150557
1.227384
-1.492451
2.925245
-3.443316
1.827812
-0.319590
0.267974
