0.764829	0.000000
0.765829	0.000000
0.766829	0.000000
0.767829	0.000000
0.768829	0.000000
0.769829	0.000000
0.770829	0.000000
0.771829	0.000000
0.772829	0.000000
0.773829	0.000000
0.774829	0.000000
0.775829	0.000000
0.776829	0.000000
0.777829	0.000000
0.778829	0.000000
0.779829	0.000000
0.780829	0.000000
0.781829	0.000000
0.782829	0.000000
0.783829	0.000000
0.784829	0.000000
0.785829	0.000000
0.786829	0.000000
0.787829	0.000000
0.788829	0.000000
0.789829	0.000000
0.790829	0.000000
0.791829	0.000000
0.792829	0.000000
0.793829	0.000000
0.794829	0.000000
0.795829	0.000000
0.796829	0.000000
0.797829	0.000000
0.798829	0.000000
0.799829	0.000000
0.800829	0.000000
0.801829	0.000000
0.802829	0.000000
0.803829	0.000000
0.804829	0.000000
0.805829	0.000000
0.806829	0.000000
0.807829	0.000000
0.808829	0.000000
0.809829	0.000000
0.810829	0.000000
0.811829	0.000000
0.812829	0.000000
0.813829	0.000000
0.814829	0.000000
0.815829	0.000000
0.816829	0.000000
0.817829	0.000000
0.818829	0.000000
0.819829	0.000000
0.820829	0.000000
0.821829	0.000000
0.822829	0.000000
0.823829	0.000000
0.824829	0.000000
0.825829	0.000000
0.826829	0.000000
0.827829	0.000000
0.828829	0.000000
0.829829	0.000000
0.830829	0.000000
0.831829	0.000000
0.832829	0.000000
0.833829	0.000000
0.834829	0.000000
0.835829	0.000000
0.836829	0.000000
0.837829	0.000000
0.838829	0.000000
0.839829	0.000000
0.840829	0.000000
0.841829	0.000000
0.842829	0.000000
0.843829	0.000000
0.844829	0.000000
0.845829	0.000000
0.846829	0.000000
0.847829	0.000000
0.848829	0.000000
0.849829	0.000000
0.850829	0.000000
0.851829	0.000000
0.852829	0.000000
0.853829	0.000000
0.854829	0.000000
0.855829	0.000000
0.856829	0.000000
0.857829	0.000000
0.858829	0.000000
0.859829	0.000000
0.860829	0.000000
0.861829	0.000000
0.862829	0.000000
0.863829	0.000000
0.864829	0.000000
0.865829	0.000000
0.866829	0.000000
0.867829	0.000000
0.868829	0.000000
0.869829	0.000000
0.870829	0.000000
0.871829	0.000000
0.872829	0.000000
0.873829	0.000000
0.874829	0.000000
0.875829	0.000000
0.876829	0.000000
0.877829	0.000000
0.878829	0.000000
0.879829	0.000000
0.880829	0.000000
0.881829	0.000000
0.882829	0.000000
0.883829	0.000000
0.884829	0.000000
0.885829	0.000000
0.886829	0.000000
0.887829	0.000000
0.888829	0.000000
0.889829	0.000000
0.890829	0.000000
0.891829	0.000000
0.892829	0.000000
0.893829	0.000000
0.894829	0.000000
0.895829	0.000000
0.896829	0.000000
0.897829	0.000000
0.898829	0.000000
0.899829	0.000000
0.900829	0.000000
0.901829	0.000000
0.902829	0.000000
0.903829	0.000000
0.904829	0.000000
0.905829	0.000000
0.906829	0.000000
0.907829	0.000000
0.908829	0.000000
0.909829	0.000000
0.910829	0.000000
0.911829	0.000000
0.912829	0.000000
0.913829	0.000000
0.914829	0.000000
0.915829	0.000000
0.916829	0.000000
0.917829	0.000000
0.918829	0.000000
0.919829	0.000000
0.920829	0.000000
0.921829	0.000000
0.922829	0.000000
0.923829	0.000000
0.924829	0.000000
0.925829	0.000000
0.926829	0.000000
0.927829	0.000000
0.928829	0.000000
0.929829	0.000000
0.930829	0.000000
0.931829	0.000000
0.932829	0.000000
0.933829	0.000000
0.934829	0.000000
0.935829	0.000000
0.936829	0.000000
0.937829	0.000000
0.938829	0.000000
0.939829	0.000000
0.940829	0.000000
0.941829	0.000000
0.942829	0.000000
0.943829	0.000000
0.944829	0.000000
0.945829	0.000000
0.946829	0.000000
0.947829	0.000000
0.948829	0.000000
0.949829	0.000000
0.950829	0.000000
0.951829	0.000000
0.952829	0.000000
0.953829	0.000000
0.954829	0.000000
0.955829	0.000000
0.956829	0.000000
0.957829	0.000000
0.958829	0.000000
0.959829	0.000000
0.960829	0.000000
0.961829	0.000000
0.962829	0.000000
0.963829	0.000000
0.964829	0.000000
0.965829	0.000000
0.966829	0.000000
0.967829	0.000000
0.968829	0.000000
0.969829	0.000000
0.970829	0.000000
0.971829	0.000000
0.972829	0.000000
0.973829	0.000000
0.974829	0.000000
0.975829	0.000000
0.976829	0.000000
0.977829	0.000000
0.978829	0.000000
0.979829	0.000000
0.980829	0.000000
0.981829	0.000000
0.982829	0.000000
0.983829	0.000000
0.984829	0.000000
0.985829	0.000000
0.986829	0.000000
0.987829	0.000000
0.988829	0.000000
0.989829	0.000000
0.990829	0.000000
0.991829	0.000000
0.992829	0.000000
0.993829	0.000000
0.994829	0.000000
0.995829	0.000000
0.996829	0.000000
0.997829	0.000000
0.998829	0.000000
0.999829	0.000000
1.000829	0.000000
1.001829	0.000000
1.002829	0.000000
1.003829	0.000000
1.004829	0.000000
1.005829	0.000000
1.006829	0.000000
1.007829	0.000000
1.008829	0.000000
1.009829	0.000000
1.010829	0.000000
1.011829	0.000000
1.012829	0.000000
1.013829	0.000000
1.014829	0.000000
1.015829	0.000000
1.016829	0.000000
1.017829	0.000000
1.018829	0.000000
1.019829	0.000000
1.020829	0.000000
1.021829	0.000000
1.022829	0.000000
1.023829	0.000000
1.024829	0.000000
1.025829	0.000000
1.026829	0.000000
1.027829	0.000000
1.028829	0.000000
1.029829	0.000000
1.030829	0.000000
1.031829	0.000000
1.032829	0.000000
1.033829	0.000000
1.034829	0.000000
1.035829	0.000000
1.036829	0.000000
1.037829	0.000000
1.038829	0.000000
1.039829	0.000000
1.040829	0.000000
1.041829	0.000000
1.042829	0.000000
1.043829	0.000000
1.044829	0.000000
1.045829	0.000000
1.046829	0.000000
1.047829	0.000000
1.048829	0.000000
1.049829	0.000000
1.050829	0.000000
1.051829	0.000000
1.052829	0.000000
1.053829	0.000000
1.054829	0.000000
1.055829	0.000000
1.056829	0.000000
1.057829	0.000000
1.058829	0.000000
1.059829	0.000000
1.060829	0.000000
1.061829	0.000000
1.062829	0.000000
1.063829	0.000000
1.064829	0.000000
1.065829	0.000000
1.066829	0.000000
1.067829	0.000000
1.068829	0.000000
1.069829	0.000000
1.070829	0.000000
1.071829	0.000000
1.072829	0.000000
1.073829	0.000000
1.074829	0.000000
1.075829	0.000000
1.076829	0.000000
1.077829	0.000000
1.078829	0.000000
1.079829	0.000000
1.080829	0.000000
1.081829	0.000000
1.082829	0.000000
1.083829	0.000000
1.084829	0.000000
1.085829	0.000000
1.086829	0.000000
1.087829	0.000000
1.088829	0.000000
1.089829	0.000000
1.090829	0.000000
1.091829	0.000000
1.092829	0.000000
1.093829	0.000000
1.094829	0.000000
1.095829	0.000000
1.096829	0.000000
1.097829	0.000000
1.098829	0.000000
1.099829	0.000000
1.100829	0.000000
1.101829	0.000000
1.102829	0.000000
1.103829	0.000000
1.104829	0.000000
1.105829	0.000000
1.106829	0.000000
1.107829	0.000000
1.108829	0.000000
1.109829	0.000000
1.110829	0.000000
1.111829	0.000000
1.112829	0.000000
1.113829	0.000000
1.114829	0.000000
1.115829	0.000000
1.116829	0.000000
1.117829	0.000000
1.118829	0.000000
1.119829	0.000000
1.120829	0.000000
1.121829	0.000000
1.122829	0.000000
1.123829	0.000000
1.124829	0.000000
1.125829	0.000000
1.126829	0.000000
1.127829	0.000000
1.128829	0.000000
1.129829	0.000000
1.130829	0.000000
1.131829	0.000000
1.132829	0.000000
1.133829	0.000000
1.134829	0.000000
1.135829	0.000000
1.136829	0.000000
1.137829	0.000000
1.138829	0.000000
1.139829	0.000000
1.140829	0.000000
1.141829	0.000000
1.142829	0.000000
1.143829	0.000000
1.144829	0.000000
1.145829	0.000000
1.146829	0.000000
1.147829	0.000000
1.148829	0.000000
1.149829	0.000000
1.150829	0.000000
1.151829	0.000000
1.152829	0.000000
1.153829	0.000000
1.154829	0.000000
1.155829	0.000000
1.156829	0.000000
1.157829	0.000000
1.158829	0.000000
1.159829	0.000000
1.160829	0.000000
1.161829	0.000000
1.162829	0.000000
1.163829	0.000000
1.164829	0.000000
1.165829	0.000000
1.166829	0.000000
1.167829	0.000000
1.168829	0.000000
1.169829	0.000000
1.170829	0.000000
1.171829	0.000000
1.172829	0.000000
1.173829	0.000000
1.174829	0.000000
1.175829	0.000000
1.176829	0.000000
1.177829	0.000000
1.178829	0.000000
1.179829	0.000000
1.180829	0.000000
1.181829	0.000000
1.182829	0.000000
1.183829	0.000000
1.184829	0.000000
1.185829	0.000000
1.186829	0.000000
1.187829	0.000000
1.188829	0.000000
1.189829	0.000000
1.190829	0.000000
1.191829	0.000000
1.192829	0.000000
1.193829	0.000000
1.194829	0.000000
1.195829	0.000000
1.196829	0.000000
1.197829	0.000000
1.198829	0.000000
1.199829	0.000000
1.200829	0.000000
1.201829	0.000000
1.202829	0.000000
1.203829	0.000000
1.204829	0.000000
1.205829	0.000000
1.206829	0.000000
1.207829	0.000000
1.208829	0.000000
1.209829	0.000000
1.210829	0.000000
1.211829	0.000000
1.212829	0.000000
1.213829	0.000000
1.214829	0.000000
1.215829	0.000000
1.216829	0.000000
1.217829	0.000000
1.218829	0.000000
1.219829	0.000000
1.220829	0.000000
1.221829	0.000000
1.222829	0.000000
1.223829	0.000000
1.224829	0.000000
1.225829	0.000000
1.226829	0.000000
1.227829	0.000000
1.228829	0.000000
1.229829	0.000000
1.230829	0.000000
1.231829	0.000000
1.232829	0.000000
1.233829	0.000000
1.234829	0.000000
1.235829	0.000000
1.236829	0.000000
1.237829	0.000000
1.238829	0.000000
1.239829	0.000000
1.240829	0.000000
1.241829	0.000000
1.242829	0.000000
1.243829	0.000000
1.244829	0.000000
1.245829	0.000000
1.246829	0.000000
1.247829	0.000000
1.248829	0.000000
1.249829	0.000000
1.250829	0.000000
1.251829	0.000000
1.252829	0.000000
1.253829	0.000000
1.254829	0.000000
1.255829	0.000000
1.256829	0.000000
1.257829	0.000000
1.258829	0.000000
1.259829	0.000000
1.260829	0.000000
1.261829	0.000000
1.262829	0.000000
1.263829	0.000000
1.264829	0.000000
1.265829	0.000000
1.266829	0.000000
1.267829	0.000000
1.268829	0.000000
1.269829	0.000000
1.270829	0.000000
1.271829	0.000000
1.272829	0.000000
1.273829	0.000000
1.274829	0.000000
1.275829	0.000000
1.276829	0.000000
1.277829	0.000000
1.278829	0.000000
1.279829	0.000000
1.280829	0.000000
1.281829	0.000000
1.282829	0.000000
1.283829	0.000000
1.284829	0.000000
1.285829	0.000000
1.286829	0.000000
1.287829	0.000000
1.288829	0.000000
1.289829	0.000000
1.290829	0.000000
1.291829	0.000000
1.292829	0.000000
1.293829	0.000000
1.294829	0.000000
1.295829	0.000000
1.296829	0.000000
1.297829	0.000000
1.298829	0.000000
1.299829	0.000000
1.300829	0.000000
1.301829	0.000000
1.302829	0.000000
1.303829	0.000000
1.304829	0.000000
1.305829	0.000000
1.306829	0.000000
1.307829	0.000000
1.308829	0.000000
1.309829	0.000000
1.310829	0.000000
1.311829	0.000000
1.312829	0.000000
1.313829	0.000000
1.314829	0.000000
1.315829	0.000000
1.316829	0.000000
1.317829	0.000000
1.318829	0.000000
1.319829	0.000000
1.320829	0.000000
1.321829	0.000000
1.322829	0.000000
1.323829	0.000000
1.324829	0.000000
1.325829	0.000000
1.326829	0.000000
1.327829	0.000000
1.328829	0.000000
1.329829	0.000000
1.330829	0.000000
1.331829	0.000000
1.332829	0.000000
1.333829	0.000000
1.334829	0.000000
1.335829	0.000000
1.336829	0.000000
1.337829	0.000000
1.338829	0.000000
1.339829	0.000000
1.340829	0.000000
1.341829	0.000000
1.342829	0.000000
1.343829	0.000000
1.344829	0.000000
1.345829	0.000000
1.346829	0.000000
1.347829	0.000000
1.348829	0.000000
1.349829	0.000000
1.350829	0.000000
1.351829	0.000000
1.352829	0.000000
1.353829	0.000000
1.354829	0.000000
1.355829	0.000000
1.356829	0.000000
1.357829	0.000000
1.358829	0.000000
1.359829	0.000000
1.360829	0.000000
1.361829	0.000000
1.362829	0.000000
1.363829	0.000000
1.364829	0.000000
1.365829	0.000000
1.366829	0.000000
1.367829	0.000000
1.368829	0.000000
1.369829	0.000000
1.370829	0.000000
1.371829	0.000000
1.372829	0.000000
1.373829	0.000000
1.374829	0.000000
1.375829	0.000000
1.376829	0.000000
1.377829	0.000000
1.378829	0.000000
1.379829	0.000000
1.380829	0.000000
1.381829	0.000000
1.382829	0.000000
1.383829	0.000000
1.384829	0.000000
1.385829	0.000000
1.386829	0.000000
1.387829	0.000000
1.388829	0.000000
1.389829	0.000000
1.390829	0.000000
1.391829	0.000000
1.392829	0.000000
1.393829	0.000000
1.394829	0.000000
1.395829	0.000000
1.396829	0.000000
1.397829	0.000000
1.398829	0.000000
1.399829	0.000000
1.400829	0.000000
1.401829	0.000000
1.402829	0.000000
1.403829	0.000000
1.404829	-0.073440
1.405829	-7.426744
1.406829	-78.555023
1.407829	-387.615788
1.408829	-1297.349643
1.409829	-3430.003699
1.410829	-7738.254986
1.411829	-15576.133870
1.412829	-28769.947468
1.413829	-49689.203063
1.414829	-81317.054715
1.415829	-127277.587733
1.416829	-191650.909701
1.417829	-278632.704065
1.418829	-392179.049423
1.419829	-535651.224752
1.420829	-711460.514644
1.421829	-920713.014537
1.422829	-1162854.435951
1.423829	-1435314.911715
1.424829	-1733155.090282
1.425829	-2048823.377228
1.426829	-2372447.946746
1.427829	-2692513.368217
1.428829	-2996572.757415
1.429829	-3271959.957761
1.430829	-3506501.721584
1.431829	-3689229.891375
1.432829	-3811093.581040
1.433829	-3865671.357162
1.434829	-3849881.561629
1.435829	-3764539.860819
1.436829	-3614197.362404
1.437829	-3406471.041698
1.438829	-3151328.454180
1.439829	-2860372.413876
1.440829	-2546125.671752
1.441829	-2221315.594092
1.442829	-1898158.840891
1.443829	-1587646.044237
1.444829	-1298827.995941
1.445829	-1038220.198315
1.446829	-809753.003979
1.447829	-615099.516902
1.448829	-454036.648289
1.449829	-324806.194221
1.450829	-224475.913284
1.451829	-149300.604204
1.452829	-95083.183481
1.453829	-57535.763023
1.454829	-32640.070601
1.455829	-16958.655595
1.456829	-7724.027963
1.457829	-2776.938335
1.458829	-491.754348
1.459829	298.170404
1.460829	375.127430
1.461829	211.684390
1.462829	45.316154
1.463829	-46.964146
1.464829	-74.096947
1.465829	-65.262464
1.466829	-43.014610
1.467829	-22.307801
1.468829	-11.681880
1.469829	-14.448115
1.470829	-29.875194
1.471829	-54.375226
1.472829	-82.689736
1.473829	-109.075663
1.474829	-128.488717
1.475829	-137.585936
1.476829	-134.946341
1.477829	-120.780272
1.478829	-96.597212
1.479829	-64.873577
1.480829	-28.720526
1.481829	8.448248
1.482829	43.248713
1.483829	72.658700
1.484829	94.349170
1.485829	106.954420
1.486829	110.083710
1.487829	104.167004
1.488829	90.287581
1.489829	70.014646
1.490829	45.235937
1.491829	17.990340
1.492829	-9.699511
1.493829	-35.994614
1.494829	-59.406502
1.495829	-78.933024
1.496829	-94.065132
1.497829	-104.712484
1.498829	-111.122784
1.499829	-113.801119
1.500829	-113.429302
1.501829	-110.785210
1.502829	-106.662128
1.503829	-101.788082
1.504829	-96.745448
1.505829	-91.906341
1.506829	-87.432117
1.507829	-83.312463
1.508829	-79.407460
1.509829	-75.489641
1.510829	-71.286051
1.511829	-66.520314
1.512829	-60.954687
1.513829	-54.432125
1.514829	-46.918163
1.515829	-38.532421
1.516829	-29.538880
1.517829	-20.311164
1.518829	-11.296005
1.519829	-2.976703
1.520829	4.163410
1.521829	9.677513
1.522829	13.191827
1.523829	14.442162
1.524829	13.310275
1.525829	9.850711
1.526829	4.280510
1.527829	-3.053135
1.528829	-11.706795
1.529829	-21.174719
1.530829	-30.922753
1.531829	-40.422254
1.532829	-49.184006
1.533829	-56.792133
1.534829	-62.937872
1.535829	-67.445473
1.536829	-70.268117
1.537829	-71.466342
1.538829	-71.185267
1.539829	-69.631811
1.540829	-67.051911
1.541829	-63.707743
1.542829	-59.854942
1.543829	-55.719822
1.544829	-51.476702
1.545829	-47.230746
1.546829	-43.021377
1.547829	-38.837466
1.548829	-34.633314
1.549829	-30.344631
1.550829	-25.904515
1.551829	-21.259438
1.552829	-16.385222
1.553829	-11.303018
1.554829	-6.095178
1.555829	-0.915458
1.556829	4.021477
1.557829	8.462161
1.558829	12.137197
1.559829	14.784133
1.560829	16.170326
1.561829	16.115817
1.562829	14.516203
1.563829	11.365503
1.564829	6.778850
1.565829	1.006458
1.566829	-5.583643
1.567829	-12.540071
1.568829	-19.363649
1.569829	-25.542957
1.570829	-30.589897
1.571829	-34.075242
1.572829	-35.664198
1.573829	-35.151960
1.574829	-32.499003
1.575829	-27.854396
1.576829	-21.537022
1.577829	-13.994094
1.578829	-5.758247
1.579829	2.595355
1.580829	10.491920
1.581829	17.399931
1.582829	22.874042
1.583829	26.597981
1.584829	28.427139
1.585829	28.417684
1.586829	26.809307
1.587829	23.983405
1.588829	20.419794
1.589829	16.653418
1.590829	13.231056
1.591829	10.668031
1.592829	9.404921
1.593829	9.764265
1.594829	11.907585
1.595829	15.805511
1.596829	21.252096
1.597829	27.902069
1.598829	35.309443
1.599829	42.966112
1.600829	50.340461
1.601829	56.915963
1.602829	62.229784
1.603829	65.911387
1.604829	67.720867
1.605829	67.576362
1.606829	65.545409
1.607829	61.817926
1.608829	56.678147
1.609829	50.476557
1.610829	43.601828
1.611829	36.452755
1.612829	29.410193
1.613829	22.808990
1.614829	16.910107
1.615829	11.879997
1.616829	7.793457
1.617829	4.648207
1.618829	2.380128
1.619829	0.878489
1.620829	0.001182
1.621829	-0.410046
1.622829	-0.514364
1.623829	-0.456618
1.624829	-0.352212
1.625829	-0.275874
1.626829	-0.262824
1.627829	-0.315999
1.628829	-0.413609
1.629829	-0.516695
1.630829	-0.576678
1.631829	-0.542921
1.632829	-0.370279
1.633829	-0.026659
1.634829	0.499496
1.635829	1.194139
1.636829	2.020085
1.637829	2.923098
1.638829	3.838163
1.639829	4.695762
1.640829	5.428150
1.641829	5.975626
1.642829	6.292811
1.643829	6.354921
1.644829	6.163964
1.645829	5.752303
1.646829	5.178154
1.647829	4.517307
1.648829	3.854640
1.649829	3.275642
1.650829	2.857935
1.651829	2.662790
1.652829	2.726649
1.653829	3.052650
1.654829	3.602257
1.655829	4.290955
1.656829	4.996011
1.657829	5.569828
1.658829	5.853569
1.659829	5.690782
1.660829	4.941026
1.661829	3.493496
1.662829	1.280651
1.663829	-1.708167
1.664829	-5.413292
1.665829	-9.697578
1.666829	-14.357609
1.667829	-19.143225
1.668829	-23.777448
1.669829	-27.976416
1.670829	-31.469302
1.671829	-34.018247
1.672829	-35.438288
1.673829	-35.617282
1.674829	-34.535580
1.675829	-32.277614
1.676829	-29.020282
1.677829	-25.011037
1.678829	-20.545485
1.679829	-15.944995
1.680829	-11.534294
1.681829	-7.619079
1.682829	-4.463618
1.683829	-2.268352
1.684829	-1.147759
1.685829	-1.116184
1.686829	-2.096061
1.687829	-3.935886
1.688829	-6.428639
1.689829	-9.330200
1.690829	-12.377767
1.691829	-15.308272
1.692829	-17.876803
1.693829	-19.875015
1.694829	-21.149368
1.695829	-21.613812
1.696829	-21.247202
1.697829	-20.084196
1.698829	-18.205857
1.699829	-15.730261
1.700829	-12.803104
1.701829	-9.588310
1.702829	-6.258636
1.703829	-2.986277
1.704829	0.066470
1.705829	2.755077
1.706829	4.956656
1.707829	6.572162
1.708829	7.528526
1.709829	7.780784
1.710829	7.314215
1.711829	6.146465
1.712829	4.329685
1.713829	1.952659
1.714829	-0.857171
1.715829	-3.934755
1.716829	-7.086607
1.717829	-10.103317
1.718829	-12.772196
1.719829	-14.889927
1.720829	-16.275211
1.721829	-16.781416
1.722829	-16.309225
1.723829	-14.819284
1.724829	-12.344611
1.725829	-8.996582
1.726829	-4.954247
1.727829	-0.446927
1.728829	4.263456
1.729829	8.900045
1.730829	13.188718
1.731829	16.875759
1.732829	19.745521
1.733829	21.638101
1.734829	22.466735
1.735829	22.228112
1.736829	20.994665
1.737829	18.899748
1.738829	16.122532
1.739829	12.872907
1.740829	9.376381
1.741829	5.858980
1.742829	2.532145
1.743829	-0.422365
1.744829	-2.867377
1.745829	-4.720229
1.746829	-5.950255
1.747829	-6.571466
1.748829	-6.635051
1.749829	-6.221872
1.750829	-5.434965
1.751829	-4.392036
1.752829	-3.217964
1.753829	-2.037296
1.754829	-0.966798
1.755829	-0.109286
1.756829	0.449420
1.757829	0.642348
1.758829	0.423198
1.759829	-0.231856
1.760829	-1.322342
1.761829	-2.821683
1.762829	-4.675376
1.763829	-6.799186
1.764829	-9.077454
1.765829	-11.364477
1.766829	-13.493227
1.767829	-15.286804
1.768829	-16.569983
1.769829	-17.180762
1.770829	-16.981910
1.771829	-15.872513
1.772829	-13.799526
1.773829	-10.769317
1.774829	-6.858905
1.775829	-2.220061
1.776829	2.933393
1.777829	8.344399
1.778829	13.731694
1.779829	18.808835
1.780829	23.303227
1.781829	26.975149
1.782829	29.636786
1.783829	31.171252
1.784829	31.551189
1.785829	30.847790
1.786829	29.217725
1.787829	26.882181
1.788829	24.105635
1.789829	21.174631
1.790829	18.376554
1.791829	15.978408
1.792829	14.205591
1.793829	13.220669
1.794829	13.102600
1.795829	13.835608
1.796829	15.319887
1.797829	17.389954
1.798829	19.833249
1.799829	22.408724
1.800829	24.865446
1.801829	26.961191
1.802829	28.481038
1.803829	29.255968
1.804829	29.181099
1.805829	28.226296
1.806829	26.429892
1.807829	23.886608
1.808829	20.735286
1.809829	17.146632
1.810829	13.310951
1.811829	9.425887
1.812829	5.684164
1.813829	2.261320
1.814829	-0.696364
1.815829	-3.080085
1.816829	-4.818372
1.817829	-5.874114
1.818829	-6.241512
1.819829	-5.943026
1.820829	-5.026326
1.821829	-3.561238
1.822829	-1.636693
1.823829	0.642321
1.824829	3.157849
1.825829	5.782752
1.826829	8.385969
1.827829	10.838280
1.828829	13.018074
1.829829	14.817118
1.830829	16.146332
1.831829	16.941556
1.832829	17.169324
1.833829	16.832632
1.834829	15.976480
1.835829	14.688936
1.836829	13.092863
1.837829	11.334610
1.838829	9.572633
1.839829	7.966107
1.840829	6.663541
1.841829	5.791392
1.842829	5.442682
1.843829	5.665611
1.844829	6.452533
1.845829	7.735649
1.846829	9.396486
1.847829	11.279748
1.848829	13.207273
1.849829	14.992001
1.850829	16.451936
1.851829	17.424108
1.852829	17.778537
1.853829	17.432196
1.854829	16.362561
1.855829	14.613596
1.856829	12.286552
1.857829	9.526037
1.858829	6.505967
1.859829	3.415522
1.860829	0.445093
1.861829	-2.227763
1.862829	-4.452371
1.863829	-6.118989
1.864829	-7.172454
1.865829	-7.618787
1.866829	-7.517904
1.867829	-6.972089
1.868829	-6.114376
1.869829	-5.096917
1.870829	-4.079362
1.871829	-3.217228
1.872829	-2.650278
1.873829	-2.490894
1.874829	-2.812756
1.875829	-3.644779
1.876829	-4.975217
1.877829	-6.758793
1.878829	-8.923907
1.879829	-11.379844
1.880829	-14.023975
1.881829	-16.748966
1.882829	-19.449987
1.883829	-22.031912
1.884829	-24.416357
1.885829	-26.545840
1.886829	-28.382496
1.887829	-29.905194
1.888829	-31.106623
1.889829	-31.990373
1.890829	-32.568024
1.891829	-32.856222
1.892829	-32.873769
1.893829	-32.638703
1.894829	-32.165466
1.895829	-31.463406
1.896829	-30.537768
1.897829	-29.391396
1.898829	-28.026458
1.899829	-26.446156
1.900829	-24.656452
1.901829	-22.667786
1.902829	-20.496793
1.903829	-18.168024
1.904829	-15.715576
1.905829	-13.183344
1.906829	-10.622752
1.907829	-8.089771
1.908829	-5.641931
1.909829	-3.335325
1.910829	-1.221620
1.911829	0.654938
1.912829	2.260517
1.913829	3.574690
1.914829	4.593299
1.915829	5.329333
1.916829	5.810254
1.917829	6.074349
1.918829	6.167053
1.919829	6.137285
1.920829	6.033770
1.921829	5.901376
1.922829	5.777438
1.923829	5.688086
1.924829	5.644739
1.925829	5.642944
1.926829	5.665366
1.927829	5.685898
1.928829	5.673781
1.929829	5.597734
1.930829	5.430079
1.931829	5.150867
1.932829	4.752007
1.933829	4.241389
1.934829	3.646788
1.935829	3.016520
1.936829	2.414493
1.937829	1.913787
1.938829	1.590208
1.939829	1.515833
1.940829	1.752567
1.941829	2.345691
1.942829	3.317411
1.943829	4.660413
1.944829	6.331770
1.945829	8.251923
1.946829	10.312233
1.947829	12.384747
1.948829	14.332003
1.949829	16.016839
1.950829	17.312194
1.951829	18.110919
1.952829	18.335578
1.953829	17.948256
1.954829	16.959866
1.955829	15.432536
1.956829	13.470539
1.957829	11.208331
1.958829	8.798523
1.959829	6.399868
1.960829	4.165241
1.961829	2.229619
1.962829	0.698061
1.963829	-0.366307
1.964829	-0.953709
1.965829	-1.110956
1.966829	-0.931420
1.967829	-0.541702
1.968829	-0.088258
1.969829	0.275983
1.970829	0.404997
1.971829	0.173045
1.972829	-0.511949
1.973829	-1.695016
1.974829	-3.361476
1.975829	-5.433538
1.976829	-7.781693
1.977829	-10.239700
1.978829	-12.619625
1.979829	-14.726883
1.980829	-16.375274
1.981829	-17.402031
1.982829	-17.682855
1.983829	-17.146955
1.984829	-15.791305
1.985829	-13.684853
1.986829	-10.957035
1.987829	-7.782544
1.988829	-4.366046
1.989829	-0.926905
1.990829	2.316108
1.991829	5.160092
1.992829	7.433301
1.993829	9.010427
1.994829	9.827137
1.995829	9.885415
1.996829	9.244760
1.997829	8.010113
1.998829	6.319715
1.999829	4.332984
2.000829	2.218381
2.001829	0.141281
2.002829	-1.748161
2.003829	-3.327138
2.004829	-4.511769
2.005829	-5.262039
2.006829	-5.576699
2.007829	-5.485908
2.008829	-5.043824
2.009829	-4.321208
2.010829	-3.398021
2.011829	-2.356022
2.012829	-1.271371
2.013829	-0.207223
2.014829	0.793320
2.015829	1.710152
2.016829	2.543027
2.017829	3.307073
2.018829	4.028283
2.019829	4.739008
2.020829	5.473451
2.021829	6.263158
2.022829	7.132514
2.023829	8.094233
2.024829	9.145117
2.025829	10.264812
2.026829	11.418938
2.027829	12.563160
2.028829	13.647273
2.029829	14.619296
2.030829	15.429550
2.031829	16.034753
2.032829	16.402100
2.033829	16.513355
2.034829	16.368680
2.035829	15.987611
2.036829	15.405965
2.037829	14.671882
2.038829	13.841855
2.039829	12.976761
2.040829	12.137888
2.041829	11.382969
2.042829	10.762211
2.043829	10.314323
2.044829	10.062766
2.045829	10.014356
2.046829	10.161166
2.047829	10.483115
2.048829	10.950561
2.049829	11.526905
2.050829	12.171179
2.051829	12.840650
2.052829	13.493413
2.053829	14.090989
2.054829	14.600810
2.055829	14.997523
2.056829	15.262675
2.057829	15.384066
2.058829	15.355100
2.059829	15.174134
2.060829	14.843828
2.061829	14.370495
2.062829	13.763452
2.063829	13.034368
2.064829	12.196628
2.065829	11.264817
2.066829	10.254374
2.067829	9.181275
2.068829	8.061723
2.069829	6.911831
2.070829	5.747308
2.071829	4.583149
2.072829	3.433316
2.073829	2.310427
2.074829	1.225461
2.075829	0.187647
2.076829	-0.795389
2.077829	-1.717437
2.078829	-2.573516
2.079829	-3.359678
2.080829	-4.072821
2.081829	-4.710500
2.082829	-5.270734
2.083829	-5.751817
2.084829	-6.152149
2.085829	-6.470272
2.086829	-6.705176
2.087829	-6.856651
2.088829	-6.925644
2.089829	-6.914618
2.090829	-6.827899
2.091829	-6.672042
2.092829	-6.456177
2.093829	-6.192371
2.094829	-5.895902
2.095829	-5.584782
2.096829	-5.278317
2.097829	-4.995491
2.098829	-4.753349
2.099829	-4.565371
2.100829	-4.439860
2.101829	-4.378319
2.102829	-4.373832
2.103829	-4.409446
2.104829	-4.456788
2.105829	-4.476901
2.106829	-4.423855
2.107829	-4.248855
2.108829	-3.904358
2.109829	-3.348194
2.110829	-2.547680
2.111829	-1.483739
2.112829	-0.155017
2.113829	1.418001
2.114829	3.189353
2.115829	5.088329
2.116829	7.025557
2.117829	8.900037
2.118829	10.606193
2.119829	12.040914
2.120829	13.110610
2.121829	13.738252
2.122829	13.870423
2.123829	13.484361
2.124829	12.594347
2.125829	11.252143
2.126829	9.540328
2.127829	7.564365
2.128829	5.444671
2.129829	3.308680
2.130829	1.282913
2.131829	-0.514963
2.132829	-1.984063
2.133829	-3.048220
2.134829	-3.663313
2.135829	-3.819313
2.136829	-3.536121
2.137829	-2.858323
2.138829	-1.849956
2.139829	-0.589260
2.140829	0.836565
2.141829	2.336603
2.142829	3.821461
2.143829	5.208516
2.144829	6.426884
2.145829	7.420047
2.146829	8.145798
2.147829	8.575718
2.148829	8.694659
2.149829	8.500223
2.150829	8.002240
2.151829	7.222251
2.152829	6.192989
2.153829	4.957854
2.154829	3.570262
2.155829	2.091870
2.156829	0.589542
2.157829	-0.867904
2.158829	-2.212942
2.159829	-3.382584
2.160829	-4.321633
2.161829	-4.985927
2.162829	-5.345593
2.163829	-5.388286
2.164829	-5.122074
2.165829	-4.575304
2.166829	-3.793122
2.167829	-2.833461
2.168829	-1.763021
2.169829	-0.653251
2.170829	0.423668
2.171829	1.398844
2.172829	2.210693
2.173829	2.808950
2.174829	3.158392
2.175829	3.240137
2.176829	3.050332
2.177829	2.598412
2.178829	1.905372
2.179829	1.002028
2.180829	-0.072715
2.181829	-1.273602
2.182829	-2.550758
2.183829	-3.851426
2.184829	-5.121700
2.185829	-6.308237
2.186829	-7.359961
2.187829	-8.229749
2.188829	-8.876136
2.189829	-9.264998
2.190829	-9.371258
2.191829	-9.180571
2.192829	-8.691025
2.193829	-7.914834
2.194829	-6.879733
2.195829	-5.628172
2.196829	-4.214163
2.197829	-2.699797
2.198829	-1.151739
2.199829	0.362259
2.200829	1.776858
2.201829	3.032624
2.202829	4.079523
2.203829	4.880417
2.204829	5.414205
2.205829	5.676375
2.206829	5.676894
2.207829	5.437692
2.208829	4.990157
2.209829	4.372623
2.210829	3.627857
2.211829	2.800556
2.212829	1.934828
2.213829	1.071688
2.214829	0.246723
2.215829	-0.510986
2.216829	-1.178663
2.217829	-1.739452
2.218829	-2.182037
2.219829	-2.500256
2.220829	-2.692718
2.221829	-2.762421
2.222829	-2.716365
2.223829	-2.565171
2.224829	-2.322677
2.225829	-2.005381
2.226829	-1.631741
2.227829	-1.221451
2.228829	-0.794718
2.229829	-0.371539
2.230829	0.029022
2.231829	0.389556
2.232829	0.695036
2.233829	0.933534
2.234829	1.096880
2.235829	1.180832
2.236829	1.184784
2.237829	1.111408
2.238829	0.966299
2.239829	0.757614
2.240829	0.495717
2.241829	0.192820
2.242829	-0.137374
2.243829	-0.480028
2.244829	-0.819544
2.245829	-1.140043
2.246829	-1.425938
2.247829	-1.662528
2.248829	-1.836586
2.249829	-1.936954
2.250829	-1.955126
2.251829	-1.885846
2.252829	-1.727694
2.253829	-1.483680
2.254829	-1.161723
2.255829	-0.774444
2.256829	-0.338296
2.257829	0.127381
2.258829	0.601319
2.259829	1.061266
2.260829	1.484940
2.261829	1.850982
2.262829	2.139904
2.263829	2.335042
2.264829	2.423448
2.265829	2.396417
2.266829	2.249669
2.267829	1.983495
2.268829	1.602894
2.269829	1.117720
2.270829	0.542819
2.271829	-0.101827
2.272829	-0.790957
2.273829	-1.493893
2.274829	-2.174585
2.275829	-2.792830
2.276829	-3.306561
2.277829	-3.674259
2.278829	-3.857368
2.279829	-3.822715
2.280829	-3.544925
2.281829	-3.008836
2.282829	-2.211918
2.283829	-1.166682
2.284829	0.097378
2.285829	1.534772
2.286829	3.087595
2.287829	4.689418
2.288829	6.269187
2.289829	7.755116
2.290829	9.078583
2.291829	10.178026
2.292829	11.002839
2.293829	11.517263
2.294829	11.703753
2.295829	11.563223
2.296829	11.112543
2.297829	10.381731
2.298829	9.411130
2.299829	8.248594
2.300829	6.946666
2.301829	5.559768
2.302829	4.141377
2.303829	2.741211
2.304829	1.402668
2.305829	0.161742
2.306829	-0.952792
2.307829	-1.919046
2.308829	-2.721689
2.309829	-3.351614
2.310829	-3.805606
2.311829	-4.086012
2.312829	-4.200408
2.313829	-4.161270
2.314829	-3.985578
2.315829	-3.694089
2.316829	-3.310321
2.317829	-2.859506
2.318829	-2.367542
2.319829	-1.859945
2.320829	-1.360804
2.321829	-0.891732
2.322829	-0.470817
2.323829	-0.111579
2.324829	0.177928
2.325829	0.395159
2.326829	0.542431
2.327829	0.626191
2.328829	0.656290
2.329829	0.645251
2.330829	0.607543
2.331829	0.558849
2.332829	0.515342
2.333829	0.492953
2.334829	0.506674
2.335829	0.570038
2.336829	0.694737
2.337829	0.890253
2.338829	1.163499
2.339829	1.518444
2.340829	1.955755
2.341829	2.472424
2.342829	3.061409
2.343829	3.711263
2.344829	4.405924
2.345829	5.125324
2.346829	5.846634
2.347829	6.545595
2.348829	7.197834
2.349829	7.780189
2.350829	8.272028
2.351829	8.656573
2.352829	8.922222
2.353829	9.063866
2.354829	9.083943
2.355829	8.992065
2.356829	8.803556
2.357829	8.537863
2.358829	8.216978
2.359829	7.863854
2.360829	7.500823
2.361829	7.148017
2.362829	6.821778
2.363829	6.533086
2.364829	6.286277
2.365829	6.079303
2.366829	5.905171
2.367829	5.753495
2.368829	5.612057
2.369829	5.468356
2.370829	5.311165
2.371829	5.132089
2.372829	4.927115
2.373829	4.698169
2.374829	4.454290
2.375829	4.210949
2.376829	3.987962
2.377829	3.807268
2.378829	3.690712
2.379829	3.657818
2.380829	3.723576
2.381829	3.896213
2.382829	4.174976
2.383829	4.547920
2.384829	4.990286
2.385829	5.465840
2.386829	5.930373
2.387829	6.335405
2.388829	6.631897
2.389829	6.773953
2.390829	6.722533
2.391829	6.449157
2.392829	5.939609
2.393829	5.197642
2.394829	4.247772
2.395829	3.133762
2.396829	1.913989
2.397829	0.656523
2.398829	-0.565798
2.399829	-1.680288
2.400829	-2.619335
2.401829	-3.325324
2.402829	-3.755558
2.403829	-3.887167
2.404829	-3.720975
2.405829	-3.280411
2.406829	-2.606942
2.407829	-1.755176
2.408829	-0.787971
2.409829	0.228460
2.410829	1.229435
2.411829	2.156701
2.412829	2.963324
2.413829	3.618568
2.414829	4.111773
2.415829	4.451592
2.416829	4.662012
2.417829	4.778090
2.418829	4.841694
2.419829	4.897234
2.420829	4.987404
2.421829	5.148917
2.422829	5.408240
2.423829	5.777349
2.424829	6.250404
2.425829	6.804652
2.426829	7.404201
2.427829	8.004036
2.428829	8.554039
2.429829	9.003006
2.430829	9.302667
2.431829	9.411708
2.432829	9.299782
2.433829	8.951523
2.434829	8.369692
2.435829	7.574516
2.436829	6.600497
2.437829	5.492996
2.438829	4.304822
2.439829	3.092827
2.440829	1.914485
2.441829	0.824492
2.442829	-0.128651
2.443829	-0.906041
2.444829	-1.481200
2.445829	-1.840414
2.446829	-1.981447
2.447829	-1.912120
2.448829	-1.648883
2.449829	-1.215398
2.450829	-0.641114
2.451829	0.040153
2.452829	0.791646
2.453829	1.575085
2.454829	2.352070
2.455829	3.085403
2.456829	3.740342
2.457829	4.285867
2.458829	4.695935
2.459829	4.950741
2.460829	5.037972
2.461829	4.954070
2.462829	4.705489
2.463829	4.309944
2.464829	3.797079
2.465829	3.206724
2.466829	2.585633
2.467829	1.984095
2.468829	1.452554
2.469829	1.038228
2.470829	0.781719
2.471829	0.713638
2.472829	0.851215
2.473829	1.194938
2.474829	1.726172
2.475829	2.408816
2.476829	3.193453
2.477829	4.021694
2.478829	4.830508
2.479829	5.556566
2.480829	6.140581
2.481829	6.531642
2.482829	6.691556
2.483829	6.599170
2.484829	6.253637
2.485829	5.673519
2.486829	4.893334
2.487829	3.959933
2.488829	2.928870
2.489829	1.860769
2.490829	0.817696
2.491829	-0.140469
2.492829	-0.959664
2.493829	-1.595259
2.494829	-2.015030
2.495829	-2.199585
2.496829	-2.141288
2.497829	-1.843073
2.498829	-1.317253
2.499829	-0.584338
2.500829	0.328156
2.501829	1.386891
2.502829	2.553895
2.503829	3.787752
2.504829	5.044822
2.505829	6.280616
2.506829	7.451245
2.507829	8.514883
2.508829	9.433225
2.509829	10.172945
2.510829	10.707159
2.511829	11.016880
2.512829	11.092484
2.513829	10.935149
2.514829	10.557793
2.515829	9.984025
2.516829	9.245996
2.517829	8.382150
2.518829	7.434998
2.519829	6.448871
2.520829	5.467690
2.521829	4.532726
2.522829	3.680362
2.523829	2.939869
2.524829	2.331645
2.525829	1.867184
2.526829	1.550019
2.527829	1.376723
2.528829	1.337913
2.529829	1.419251
2.530829	1.602452
2.531829	1.866284
2.532829	2.187571
2.533829	2.542198
2.534829	2.906078
2.535829	3.255989
2.536829	3.570351
2.537829	3.829987
2.538829	4.018891
2.539829	4.124995
2.540829	4.140936
2.541829	4.064818
2.542829	3.900984
2.543829	3.660770
2.544829	3.362797
2.545829	3.031642
2.546829	2.695629
2.547829	2.384557
2.548829	2.127442
2.549829	1.950246
2.550829	1.873613
2.551829	1.910603
2.552829	2.064428
2.553829	2.326203
2.554829	2.673622
2.555829	3.072791
2.556829	3.481734
2.557829	3.854011
2.558829	4.142326
2.559829	4.302144
2.560829	4.295299
2.561829	4.093606
2.562829	3.682477
2.563829	3.064504
2.564829	2.261776
2.565829	1.313963
2.566829	0.274164
2.567829	-0.795354
2.568829	-1.827433
2.569829	-2.754294
2.570829	-3.511803
2.571829	-4.043748
2.572829	-4.306105
2.573829	-4.271284
2.574829	-3.931204
2.575829	-3.296513
2.576829	-2.393843
2.577829	-1.262951
2.578829	0.046148
2.579829	1.476034
2.580829	2.964747
2.581829	4.448644
2.582829	5.865264
2.583829	7.156174
2.584829	8.269479
2.585829	9.161203
2.586829	9.796108
2.587829	10.148487
2.588829	10.202950
2.589829	9.955216
2.590829	9.412901
2.591829	8.596305
2.592829	7.539207
2.593829	6.289624
2.594829	4.909645
2.595829	3.472282
2.596829	2.056867
2.597829	0.744370
2.598829	-0.387291
2.599829	-1.267927
2.600829	-1.839769
2.601829	-2.062147
2.602829	-1.916176
2.603829	-1.409386
2.604829	-0.578352
2.605829	0.514907
2.606829	1.789527
2.607829	3.152559
2.608829	4.505724
2.609829	5.752173
2.610829	6.803245
2.611829	7.585224
2.612829	8.046097
2.613829	8.162243
2.614829	7.942698
2.615829	7.426007
2.616829	6.673585
2.617829	5.762889
2.618829	4.780601
2.619829	3.815803
2.620829	2.953156
2.621829	2.266075
2.622829	1.809914
2.623829	1.615203
2.624829	1.683235
2.625829	1.988631
2.626829	2.485143
2.627829	3.111614
2.628829	3.797945
2.629829	4.471054
2.630829	5.060840
2.631829	5.506149
2.632829	5.760730
2.633829	5.799142
2.634829	5.620615
2.635829	5.246941
2.636829	4.717647
2.637829	4.085046
2.638829	3.409276
2.639829	2.753349
2.640829	2.178197
2.641829	1.737713
2.642829	1.473802
2.643829	1.411474
2.644829	1.555596
2.645829	1.892398
2.646829	2.393089
2.647829	3.017581
2.648829	3.718210
2.649829	4.443448
2.650829	5.141634
2.651829	5.764684
2.652829	6.271817
2.653829	6.633235
2.654829	6.832691
2.655829	6.866912
2.656829	6.743637
2.657829	6.479609
2.658829	6.098551
2.659829	5.629156
2.660829	5.103062
2.661829	4.552843
2.662829	4.009990
2.663829	3.502904
2.664829	3.055302
2.665829	2.685742
2.666829	2.407620
2.667829	2.229196
2.668829	2.153619
2.669829	2.178949
2.670829	2.298180
2.671829	2.499264
2.672829	2.765138
2.673829	3.073754
2.674829	3.398528
2.675829	3.709869
2.676829	3.977177
2.677829	4.170852
2.678829	4.264308
2.679829	4.235989
2.680829	4.071378
2.681829	3.765012
2.682829	3.322498
2.683829	2.762474
2.684829	2.117351
2.685829	1.430770
2.686829	0.753709
2.687829	0.140538
2.688829	-0.354923
2.689829	-0.683357
2.690829	-0.803888
2.691829	-0.688035
2.692829	-0.323652
2.693829	0.281195
2.694829	1.096306
2.695829	2.072486
2.696829	3.146739
2.697829	4.247541
2.698829	5.300113
2.699829	6.231693
2.700829	6.976807
2.701829	7.482546
2.702829	7.713836
2.703829	7.658623
2.704829	7.330773
2.705829	6.767123
2.706829	6.022234
2.707829	5.163041
2.708829	4.263514
2.709829	3.399311
2.710829	2.642437
2.711829	2.055900
2.712829	1.688365
2.713829	1.568893
2.714829	1.703770
2.715829	2.078540
2.716829	2.662079
2.717829	3.410728
2.718829	4.272441
2.719829	5.190921
2.720829	6.109764
2.721829	6.976601
2.722829	7.747236
2.723829	8.389729
2.724829	8.886944
2.725829	9.235354
2.726829	9.442420
2.727829	9.523919
2.728829	9.501270
2.729829	9.398861
2.730829	9.241374
2.731829	9.051117
2.732829	8.845346
2.733829	8.633642
2.734829	8.416422
2.735829	8.186179
2.736829	7.929742
2.737829	7.630572
2.738829	7.271059
2.739829	6.834816
2.740829	6.308976
2.741829	5.686487
2.742829	4.968406
2.743829	4.166146
2.744829	3.302489
2.745829	2.409704
2.746829	1.526617
2.747829	0.695632
2.748829	-0.040235
2.749829	-0.640333
2.750829	-1.069348
2.751829	-1.300272
2.752829	-1.317382
2.753829	-1.119138
2.754829	-0.719608
2.755829	-0.146443
2.756829	0.562370
2.757829	1.361809
2.758829	2.203101
2.759829	3.037024
2.760829	3.817194
2.761829	4.503360
2.762829	5.064699
2.763829	5.483038
2.764829	5.754587
2.765829	5.888291
2.766829	5.902988
2.767829	5.824538
2.768829	5.682942
2.769829	5.509470
2.770829	5.333784
2.771829	5.181060
2.772829	5.069116
2.773829	5.005599
2.774829	4.986589
2.775829	4.998335
2.776829	5.020069
2.777829	5.026854
2.778829	4.992436
2.779829	4.892092
2.780829	4.705475
2.781829	4.419467
2.782829	4.031027
2.783829	3.549956
2.784829	3.000005
2.785829	2.416359
2.786829	1.841891
2.787829	1.323395
2.788829	0.907803
2.789829	0.638410
2.790829	0.551102
2.791829	0.670574
2.792829	1.006559
2.793829	1.550159
2.794829	2.272365
2.795829	3.127248
2.796829	4.056700
2.797829	4.995210
2.798829	5.874646
2.799829	6.629041
2.800829	7.199369
2.801829	7.538327
2.802829	7.615121
2.803829	7.420115
2.804829	6.967063
2.805829	6.290242
2.806829	5.439945
2.807829	4.477913
2.808829	3.472785
2.809829	2.495533
2.810829	1.614906
2.811829	0.892872
2.812829	0.380055
2.813829	0.111280
2.814829	0.102987
2.815829	0.354505
2.816829	0.850545
2.817829	1.563730
2.818829	2.457124
2.819829	3.486760
2.820829	4.604172
2.821829	5.758917
2.822829	6.901111
2.823829	7.983924
2.824829	8.965526
2.825829	9.809928
2.826829	10.487471
2.827829	10.975307
2.828829	11.257885
2.829829	11.327428
2.830829	11.184421
2.831829	10.838088
2.832829	10.306878
2.833829	9.618897
2.834829	8.811455
2.835829	7.928878
2.836829	7.019779
2.837829	6.134320
2.838829	5.321474
2.839829	4.626290
2.840829	4.087145
2.841829	3.733018
2.842829	3.580740
2.843829	3.632362
2.844829	3.874201
2.845829	4.279174
2.846829	4.810112
2.847829	5.423092
2.848829	6.070774
2.849829	6.705738
2.850829	7.283819
2.851829	7.767441
2.852829	8.128958
2.853829	8.353877
2.854829	8.442336
2.855829	8.407231
2.856829	8.271358
2.857829	8.064545
2.858829	7.820771
2.859829	7.575294
2.860829	7.361774
2.861829	7.209399
2.862829	7.140010
2.863829	7.165313
2.864829	7.285563
2.865829	7.490977
2.866829	7.763930
2.867829	8.081177
2.868829	8.416065
2.869829	8.740750
2.870829	9.028413
2.871829	9.255479
2.872829	9.403830
2.873829	9.462955
2.874829	9.430991
2.875829	9.313759
2.876829	9.123224
2.877829	8.875945
2.878829	8.591532
2.879829	8.291096
2.880829	7.995695
2.881829	7.724794
2.882829	7.494712
2.883829	7.317118
2.884829	7.198215
2.885829	7.139153
2.886829	7.136781
2.887829	7.184407
2.888829	7.272558
2.889829	7.389739
2.890829	7.523193
2.891829	7.659663
2.892829	7.786145
2.893829	7.890643
2.894829	7.962728
2.895829	7.993781
2.896829	7.977146
2.897829	7.908280
2.898829	7.784906
2.899829	7.607164
2.900829	7.377765
2.901829	7.102140
2.902829	6.788591
2.903829	6.448424
2.904829	6.095746
2.905829	5.746699
2.906829	5.418547
2.907829	5.128751
2.908829	4.894055
2.909829	4.729563
2.910829	4.647822
2.911829	4.657901
2.912829	4.764473
2.913829	4.966933
2.914829	5.259066
2.915829	5.629641
2.916829	6.063242
2.917829	6.541112
2.918829	7.041984
2.919829	7.542927
2.920829	8.020180
2.921829	8.449990
2.922829	8.809453
2.923829	9.077345
2.924829	9.234881
2.925829	9.266339
2.926829	9.159663
2.927829	8.907059
2.928829	8.505587
2.929829	7.957763
2.930829	7.272155
2.931829	6.463976
2.932829	5.555686
2.933829	4.577506
2.934829	3.566910
2.935829	2.566426
2.936829	1.621013
2.937829	0.775446
2.938829	0.071686
2.939829	-0.453742
2.940829	-0.772372
2.941829	-0.866422
2.942829	-0.731415
2.943829	-0.378651
2.944829	0.164392
2.945829	0.856951
2.946829	1.648668
2.947829	2.483298
2.948829	3.302416
2.949829	4.049124
2.950829	4.671758
2.951829	5.127590
2.952829	5.386540
2.953829	5.434703
2.954829	5.275591
2.955829	4.927802
2.956829	4.421826
2.957829	3.796853
2.958829	3.097563
2.959829	2.370928
2.960829	1.663013
2.961829	1.015772
2.962829	0.463846
2.963829	0.031502
2.964829	-0.268751
2.965829	-0.434944
2.966829	-0.473822
2.967829	-0.399020
2.968829	-0.229226
2.969829	0.013648
2.970829	0.306295
2.971829	0.625849
2.972829	0.951711
2.973829	1.267313
2.974829	1.561048
2.975829	1.825943
2.976829	2.059044
2.977829	2.260795
2.978829	2.434424
2.979829	2.585319
2.980829	2.720414
2.981829	2.847565
2.982829	2.974937
2.983829	3.110393
2.984829	3.261026
2.985829	3.432891
2.986829	3.630789
2.987829	3.858041
2.988829	4.116272
2.989829	4.405189
2.990829	4.722363
2.991829	5.063009
2.992829	5.419761
2.993829	5.782499
2.994829	6.138598
2.995829	6.473833
2.996829	6.773406
2.997829	7.022993
2.998829	7.209778
2.999829	7.323491
3.000829	7.357448
3.001829	7.309589
3.002829	7.183513
3.003829	6.989435
3.004829	6.744128
3.005829	6.469467
3.006829	6.190644
3.007829	5.934403
3.008829	5.727255
3.009829	5.593705
3.010829	5.554477
3.011829	5.624735
3.012829	5.812306
3.013829	6.116030
3.014829	6.525429
3.015829	7.022247
3.016829	7.582374
3.017829	8.177777
3.018829	8.778430
3.019829	9.354243
3.020829	9.876998
3.021829	10.322271
3.022829	10.671369
3.023829	10.913142
3.024829	11.044562
3.025829	11.069602
3.026829	10.997771
3.027829	10.842646
3.028829	10.620393
3.029829	10.348306
3.030829	10.043328
3.031829	9.720584
3.032829	9.391912
3.033829	9.064481
3.034829	8.740407
3.035829	8.417685
3.036829	8.091396
3.037829	7.754909
3.038829	7.401093
3.039829	7.023518
3.040829	6.617664
3.041829	6.182128
3.042829	5.719827
3.043829	5.239105
3.044829	4.753787
3.045829	4.281856
3.046829	3.843857
3.047829	3.461300
3.048829	3.155056
3.049829	2.943762
3.050829	2.842221
3.051829	2.859804
3.052829	2.998849
3.053829	3.253206
3.054829	3.608162
3.055829	4.042176
3.056829	4.528950
3.057829	5.039512
3.058829	5.544296
3.059829	6.015217
3.060829	6.427754
3.061829	6.763028
3.062829	7.009884
3.063829	7.166794
3.064829	7.242125
3.065829	7.252309
3.066829	7.219617
3.067829	7.169935
3.068829	7.130532
3.069829	7.127836
3.070829	7.185207
3.071829	7.320709
3.072829	7.544878
3.073829	7.858682
3.074829	8.253110
3.075829	8.710852
3.076829	9.208341
3.077829	9.717807
3.078829	10.209329
3.079829	10.652887
3.080829	11.020414
3.081829	11.287847
3.082829	11.437180
3.083829	11.458373
3.084829	11.349947
3.085829	11.117970
3.086829	10.774757
3.087829	10.337565
3.088829	9.827287
3.089829	9.267147
3.090829	8.681394
3.091829	8.094002
3.092829	7.527359
3.093829	7.001022
3.094829	6.530955
3.095829	6.129361
3.096829	5.804618
3.097829	5.561215
3.098829	5.399688
3.099829	5.316555
3.100829	5.304255
3.101829	5.351081
3.102829	5.441118
3.103829	5.554259
3.104829	5.666907
3.105829	5.753503
3.106829	5.788182
3.107829	5.746438
3.108829	5.606787
3.109829	5.352431
3.110829	4.972915
3.111829	4.465798
3.112829	3.838309
3.113829	3.108797
3.114829	2.306331
3.115829	1.468169
3.116829	0.636863
3.117829	-0.142633
3.118829	-0.825858
3.119829	-1.371742
3.120829	-1.745498
3.121829	-1.921520
3.122829	-1.886272
3.123829	-1.640892
3.124829	-1.201328
3.125829	-0.595679
3.126829	0.138925
3.127829	0.959447
3.128829	1.820061
3.129829	2.675281
3.130829	3.483080
3.131829	4.208014
3.132829	4.824343
3.133829	5.318860
3.134829	5.691341
3.135829	5.952336
3.136829	6.120534
3.137829	6.220127
3.138829	6.278169
3.139829	6.321939
3.140829	6.376308
3.141829	6.461093
3.142829	6.588426
3.143829	6.760381
3.144829	6.968685
3.145829	7.196729
3.146829	7.421931
3.147829	7.618105
3.148829	7.757827
3.149829	7.814806
3.150829	7.766249
3.151829	7.595228
3.152829	7.293050
3.153829	6.861378
3.154829	6.312473
3.155829	5.667401
3.156829	4.953939
3.157829	4.204472
3.158829	3.453891
3.159829	2.737497
3.160829	2.088893
3.161829	1.537892
3.162829	1.108409
3.163829	0.816543
3.164829	0.669995
3.165829	0.668905
3.166829	0.806901
3.167829	1.072148
3.168829	1.448400
3.169829	1.916047
3.170829	2.453167
3.171829	3.036577
3.172829	3.642880
3.173829	4.249476
3.174829	4.835266
3.175829	5.381040
3.176829	5.869820
3.177829	6.287206
3.178829	6.621715
3.179829	6.865127
3.180829	7.012825
3.181829	7.064140
3.182829	7.022694
3.183829	6.896657
3.184829	6.698423
3.185829	6.443677
3.186829	6.150382
3.187829	5.837766
3.188829	5.525301
3.189829	5.231696
3.190829	4.973872
3.191829	4.765958
3.192829	4.618268
3.193829	4.536396
3.194829	4.521090
3.195829	4.568881
3.196829	4.672829
3.197829	4.823269
3.198829	5.008557
3.199829	5.215809
3.200829	5.431652
3.201829	5.642965
3.202829	5.837625
3.203829	6.005199
3.204829	6.137303
3.205829	6.227615
3.206829	6.271854
3.207829	6.267750
3.208829	6.215019
3.209829	6.115338
3.210829	5.972314
3.211829	5.791462
3.212829	5.580177
3.213829	5.347666
3.214829	5.104618
3.215829	4.862609
3.216829	4.633484
3.217829	4.428727
3.218829	4.258842
3.219829	4.132722
3.220829	4.057033
3.221829	4.035582
3.222829	4.068699
3.223829	4.152712
3.224829	4.280115
3.225829	4.440375
3.226829	4.620821
3.227829	4.807540
3.228829	4.986266
3.229829	5.143276
3.230829	5.266280
3.231829	5.345311
3.232829	5.373621
3.233829	5.348463
3.234829	5.271165
3.235829	5.146563
3.236829	4.982345
3.237829	4.788391
3.238829	4.576126
3.239829	4.357859
3.240829	4.146128
3.241829	3.953046
3.242829	3.789648
3.243829	3.665289
3.244829	3.587413
3.245829	3.561641
3.246829	3.591907
3.247829	3.680591
3.248829	3.828651
3.249829	4.035757
3.250829	4.300425
3.251829	4.620149
3.252829	4.991536
3.253829	5.410414
3.254829	5.871812
3.255829	6.369809
3.256829	6.897378
3.257829	7.446225
3.258829	8.006629
3.259829	8.567279
3.260829	9.115118
3.261829	9.635180
3.262829	10.110433
3.263829	10.521733
3.264829	10.848485
3.265829	11.069920
3.266829	11.166435
3.267829	11.120941
3.268829	10.920213
3.269829	10.556232
3.270829	10.027531
3.271829	9.340546
3.272829	8.510954
3.273829	7.564692
3.274829	6.537028
3.275829	5.469973
3.276829	4.409501
3.277829	3.402765
3.278829	2.495315
3.279829	1.728317
3.280829	1.135771
3.281829	0.741727
3.282829	0.557508
3.283829	0.579426
3.284829	0.789336
3.285829	1.157581
3.286829	1.646212
3.287829	2.212200
3.288829	2.810656
3.289829	3.398045
3.290829	3.935403
3.291829	4.391555
3.292829	4.746328
3.293829	4.993224
3.294829	5.139094
3.295829	5.201321
3.296829	5.204730
3.297829	5.178496
3.298829	5.153059
3.299829	5.157029
3.300829	5.214097
3.301829	5.339946
3.302829	5.539167
3.303829	5.802753
3.304829	6.108817
3.305829	6.425908
3.306829	6.716609
3.307829	6.941139
3.308829	7.060946
3.309829	7.042314
3.310829	6.859954
3.311829	6.500609
3.312829	5.966642
3.313829	5.278886
3.314829	4.475464
3.315829	3.607418
3.316829	2.734001
3.317829	1.917963
3.318829	1.220846
3.319829	0.698271
3.320829	0.395232
3.321829	0.341381
3.322829	0.546332
3.323829	0.995906
3.324829	1.653380
3.325829	2.464635
3.326829	3.363703
3.327829	4.278318
3.328829	5.135459
3.329829	5.866905
3.330829	6.414779
3.331829	6.737098
3.332829	6.813311
3.333829	6.648749
3.334829	6.273475
3.335829	5.736844
3.336829	5.101630
3.337829	4.438165
3.338829	3.818461
3.339829	3.310347
3.340829	2.971594
3.341829	2.844051
3.342829	2.947786
3.343829	3.276395
3.344829	3.798228
3.345829	4.462039
3.346829	5.203075
3.347829	5.949165
3.348829	6.626806
3.349829	7.167251
3.350829	7.512598
3.351829	7.621879
3.352829	7.477130
3.353829	7.088195
3.354829	6.491228
3.355829	5.742559
3.356829	4.912121
3.357829	4.076871
3.358829	3.314217
3.359829	2.695441
3.360829	2.279126
3.361829	2.104576
3.362829	2.185260
3.363829	2.503714
3.364829	3.013507
3.365829	3.646311
3.366829	4.319452
3.367829	4.943449
3.368829	5.429567
3.369829	5.697359
3.370829	5.682216
3.371829	5.342909
3.372829	4.669118
3.373829	3.687226
3.374829	2.457911
3.375829	1.067934
3.376829	-0.378604
3.377829	-1.769007
3.378829	-2.990726
3.379829	-3.940101
3.380829	-4.531103
3.381829	-4.704082
3.382829	-4.434479
3.383829	-3.739580
3.384829	-2.676158
3.385829	-1.331778
3.386829	0.184464
3.387829	1.751194
3.388829	3.244019
3.389829	4.544781
3.390829	5.550815
3.391829	6.184205
3.392829	6.401015
3.393829	6.198527
3.394829	5.613426
3.395829	4.713827
3.396829	3.590754
3.397829	2.349631
3.398829	1.101767
3.399829	-0.044157
3.400829	-0.990601
3.401829	-1.659680
3.402829	-2.001653
3.403829	-2.001625
3.404829	-1.678322
3.405829	-1.077547
3.406829	-0.265207
3.407829	0.679678
3.408829	1.671954
3.409829	2.627319
3.410829	3.469302
3.411829	4.136250
3.412829	4.588288
3.413829	4.812787
3.414829	4.823359
3.415829	4.654582
3.416829	4.356385
3.417829	3.988433
3.418829	3.614506
3.419829	3.296887
3.420829	3.090738
3.421829	3.038488
3.422829	3.164235
3.423829	3.469426
3.424829	3.933995
3.425829	4.521013
3.426829	5.181619
3.427829	5.859948
3.428829	6.498060
3.429829	7.040876
3.430829	7.441101
3.431829	7.664159
3.432829	7.693102
3.433829	7.532315
3.434829	7.206210
3.435829	6.754733
3.436829	6.228638
3.437829	5.684753
3.438829	5.181246
3.439829	4.772897
3.440829	4.506365
3.441829	4.415454
3.442829	4.516402
3.443829	4.804362
3.444829	5.254735
3.445829	5.827520
3.446829	6.471895
3.447829	7.130793
3.448829	7.745480
3.449829	8.260134
3.450829	8.626424
3.451829	8.808084
3.452829	8.785476
3.453829	8.559004
3.454829	8.147963
3.455829	7.586612
3.456829	6.920038
3.457829	6.200026
3.458829	5.480922
3.459829	4.815502
3.460829	4.250837
3.461829	3.824160
3.462829	3.558753
3.463829	3.460849
3.464829	3.520546
3.465829	3.715100
3.466829	4.012391
3.467829	4.374398
3.468829	4.760659
3.469829	5.131743
3.470829	5.452718
3.471829	5.696617
3.472829	5.847888
3.473829	5.904947
3.474829	5.879259
3.475829	5.792398
3.476829	5.672964
3.477829	5.553501
3.478829	5.467411
3.479829	5.445877
3.480829	5.514772
3.481829	5.691582
3.482829	5.982340
3.483829	6.379441
3.484829	6.862787
3.485829	7.402837
3.486829	7.963787
3.487829	8.506752
3.488829	8.992943
3.489829	9.386851
3.490829	9.659422
3.491829	9.791245
3.492829	9.775705
3.493829	9.621191
3.494829	9.349764
3.495829	8.993843
3.496829	8.592758
3.497829	8.189302
3.498829	7.826283
3.499829	7.543081
3.500829	7.372192
3.501829	7.335791
3.502829	7.442298
3.503829	7.684006
3.504829	8.038476
3.505829	8.472022
3.506829	8.943326
3.507829	9.407063
3.508829	9.817513
3.509829	10.132181
3.510829	10.315417
3.511829	10.342031
3.512829	10.200892
3.513829	9.897424
3.514829	9.452265
3.515829	8.897819
3.516829	8.274691
3.517829	7.628115
3.518829	7.004387
3.519829	6.447290
3.520829	5.994529
3.521829	5.674160
3.522829	5.501041
3.523829	5.474354
3.524829	5.578794
3.525829	5.787721
3.526829	6.066425
3.527829	6.375396
3.528829	6.673590
3.529829	6.921697
3.530829	7.085406
3.531829	7.138678
3.532829	7.066987
3.533829	6.869613
3.534829	6.558716
3.535829	6.156724
3.536829	5.693620
3.537829	5.204237
3.538829	4.725543
3.539829	4.293933
3.540829	3.942520
3.541829	3.698422
3.542829	3.580070
3.543829	3.595240
3.544829	3.741478
3.545829	4.007750
3.546829	4.376173
3.547829	4.823730
3.548829	5.324002
3.549829	5.848882
3.550829	6.370310
3.551829	6.861985
3.552829	7.301090
3.553829	7.669673
3.554829	7.954975
3.555829	8.149216
3.556829	8.249353
3.557829	8.256845
3.558829	8.177405
3.559829	8.020761
3.560829	7.800418
3.561829	7.533414
3.562829	7.240073
3.563829	6.943527
3.564829	6.668488
3.565829	6.439657
3.566829	6.280116
3.567829	6.209716
3.568829	6.243462
3.569829	6.389909
3.570829	6.649543
3.571829	7.013179
3.572829	7.460366
3.573829	7.958734
3.574829	8.466214
3.575829	8.934666
3.576829	9.313570
3.577829	9.553723
3.578829	9.610934
3.579829	9.449717
3.580829	9.046990
3.581829	8.395768
3.582829	7.508810
3.583829	6.420687
3.584829	5.184962
3.585829	3.869082
3.586829	2.549138
3.587829	1.304638
3.588829	0.213267
3.589829	-0.654343
3.590829	-1.239847
3.591829	-1.502422
3.592829	-1.423947
3.593829	-1.012309
3.594829	-0.299114
3.595829	0.665209
3.596829	1.816442
3.597829	3.081592
3.598829	4.383929
3.599829	5.648002
3.600829	6.804670
3.601829	7.796128
3.602829	8.580885
3.603829	9.137198
3.604829	9.461969
3.605829	9.567569
3.606829	9.478569
3.607829	9.228462
3.608829	8.856396
3.609829	8.403898
3.610829	7.911599
3.611829	7.415968
3.612829	6.946061
3.613829	6.521205
3.614829	6.151339
3.615829	5.838542
3.616829	5.578620
3.617829	5.362693
3.618829	5.178780
3.619829	5.013380
3.620829	4.853067
3.621829	4.686067
3.622829	4.503835
3.623829	4.302168
3.624829	4.081061
3.625829	3.843985
3.626829	3.597153
3.627829	3.348785
3.628829	3.108366
3.629829	2.885911
3.630829	2.691224
3.631829	2.533168
3.632829	2.418923
3.633829	2.353450
3.634829	2.339458
3.635829	2.377601
3.636829	2.466677
3.637829	2.603837
3.638829	2.784781
3.639829	3.003971
3.640829	3.254826
3.641829	3.529929
3.642829	3.821233
3.643829	4.120284
3.644829	4.418513
3.645829	4.707551
3.646829	4.979548
3.647829	5.227484
3.648829	5.445493
3.649829	5.629173
3.650829	5.775907
3.651829	5.885180
3.652829	5.958885
3.653829	6.001420
3.654829	6.019212
3.655829	6.020009
3.656829	6.012156
3.657829	6.003878
3.658829	6.002561
3.659829	6.014027
3.660829	6.041821
3.661829	6.086483
3.662829	6.144852
3.663829	6.209747
3.664829	6.270706
3.665829	6.315129
3.666829	6.329440
3.667829	6.300260
3.668829	6.215564
3.669829	6.065851
3.670829	5.845306
3.671829	5.552968
3.672829	5.193869
3.673829	4.779588
3.674829	4.327302
3.675829	3.858229
3.676829	3.396058
3.677829	2.965373
3.678829	2.590080
3.679829	2.291832
3.680829	2.088454
3.681829	1.992372
3.682829	2.009062
3.683829	2.136168
3.684829	2.364298
3.685829	2.678460
3.686829	3.059531
3.687829	3.485722
3.688829	3.934044
3.689829	4.381773
3.690829	4.807919
3.691829	5.194686
3.692829	5.528924
3.693829	5.803060
3.694829	6.014776
3.695829	6.166211
3.696829	6.263146
3.697829	6.314183
3.698829	6.329930
3.699829	6.322184
3.700829	6.303113
3.701829	6.284442
3.702829	6.276639
3.703829	6.288299
3.704829	6.325984
3.705829	6.394230
3.706829	6.495564
3.707829	6.630523
3.708829	6.797666
3.709829	6.993591
3.710829	7.212955
3.711829	7.448485
3.712829	7.691004
3.713829	7.929624
3.714829	8.152344
3.715829	8.346791
3.716829	8.500967
3.717829	8.604003
3.718829	8.646904
3.719829	8.623294
3.720829	8.530174
3.721829	8.368659
3.722829	8.144715
3.723829	7.869380
3.724829	7.557848
3.725829	7.228130
3.726829	6.899709
3.727829	6.592186
3.728829	6.323935
3.729829	6.110754
3.730829	5.964512
3.731829	5.891805
3.732829	5.892637
3.733829	5.959828
3.734829	6.080063
3.735829	6.235518
3.736829	6.405510
3.737829	6.568136
3.738829	6.701925
3.739829	6.787481
3.740829	6.809130
3.741829	6.756562
3.742829	6.626445
3.743829	6.423202
3.744829	6.157970
3.745829	5.846917
3.746829	5.509545
3.747829	5.166989
3.748829	4.840319
3.749829	4.548843
3.750829	4.308404
3.751829	4.129683
3.752829	4.016546
3.753829	3.965261
3.754829	3.965643
3.755829	4.002849
3.756829	4.059188
3.757829	4.115933
3.758829	4.155133
3.759829	4.161426
3.760829	4.123849
3.761829	4.037654
3.762829	3.906060
3.763829	3.740936
3.764829	3.561161
3.765829	3.390215
3.766829	3.253757
3.767829	3.177193
3.768829	3.183251
3.769829	3.289552
3.770829	3.506180
3.771829	3.833261
3.772829	4.258606
3.773829	4.756935
3.774829	5.292364
3.775829	5.821968
3.776829	6.299372
3.777829	6.678337
3.778829	6.916354
3.779829	6.978230
3.780829	6.839682
3.781829	6.490921
3.782829	5.940134
3.783829	5.214829
3.784829	4.358784
3.785829	3.427605
3.786829	2.484245
3.787829	1.594518
3.788829	0.822620
3.789829	0.226643
3.790829	-0.145905
3.791829	-0.262584
3.792829	-0.110379
3.793829	0.302241
3.794829	0.947903
3.795829	1.784354
3.796829	2.758536
3.797829	3.810644
3.798829	4.878196
3.799829	5.900098
3.800829	6.820712
3.801829	7.593918
3.802829	8.187087
3.803829	8.583264
3.804829	8.779848
3.805829	8.786186
3.806829	8.621142
3.807829	8.310670
3.808829	7.885381
3.809829	7.378118
3.810829	6.821522
3.811829	6.245601
3.812829	5.675358
3.813829	5.129314
3.814829	4.619790
3.815829	4.153719
3.816829	3.733469
3.817829	3.357664
3.818829	3.022006
3.819829	2.720101
3.820829	2.444277
3.821829	2.186409
3.822829	1.938731
3.823829	1.694455
3.824829	1.448034
3.825829	1.195317
3.826829	0.933697
3.827829	0.662267
3.828829	0.381970
3.829829	0.095752
3.830829	-0.191286
3.831829	-0.471738
3.832829	-0.735760
3.833829	-0.971281
3.834829	-1.164858
3.835829	-1.302706
3.836829	-1.371744
3.837829	-1.360631
3.838829	-1.260807
3.839829	-1.067533
3.840829	-0.780931
3.841829	-0.407024
3.842829	0.041281
3.843829	0.544104
3.844829	1.076149
3.845829	1.608723
3.846829	2.111761
3.847829	2.555860
3.848829	2.914303
3.849829	3.165089
3.850829	3.292961
3.851829	3.291436
3.852829	3.164744
3.853829	2.928381
3.854829	2.607183
3.855829	2.232702
3.856829	1.840575
3.857829	1.467895
3.858829	1.150570
3.859829	0.920700
3.860829	0.803937
3.861829	0.816856
3.862829	0.964424
3.863829	1.239062
3.864829	1.622498
3.865829	2.088374
3.866829	2.604876
3.867829	3.137360
3.868829	3.650975
3.869829	4.113289
3.870829	4.496920
3.871829	4.782155
3.872829	4.959476
3.873829	5.030588
3.874829	5.006852
3.875829	4.907029
3.876829	4.755016
3.877829	4.577581
3.878829	4.402093
3.879829	4.254259
3.880829	4.155856
3.881829	4.122464
3.882829	4.161298
3.883829	4.270379
3.884829	4.440001
3.885829	4.654790
3.886829	4.895770
3.887829	5.142435
3.888829	5.374817
3.889829	5.575554
3.890829	5.731962
3.891829	5.838101
3.892829	5.896738
3.893829	5.919843
3.894829	5.926629
3.895829	5.940974
3.896829	5.988829
3.897829	6.095630
3.898829	6.283706
3.899829	6.569688
3.900829	6.961922
3.901829	7.457873
3.902829	8.041692
3.903829	8.683820
3.904829	9.343947
3.905829	9.974795
3.906829	10.525922
3.907829	10.947524
3.908829	11.194233
3.909829	11.228923
3.910829	11.026509
3.911829	10.577749
3.912829	9.892834
3.913829	9.002238
3.914829	7.953148
3.915829	6.804834
3.916829	5.623990
3.917829	4.480083
3.918829	3.440700
3.919829	2.566889
3.920829	1.908512
3.921829	1.499584
3.922829	1.353852
3.923829	1.463274
3.924829	1.801082
3.925829	2.325926
3.926829	2.986051
3.927829	3.723457
3.928829	4.478073
3.929829	5.191922
3.930829	5.813289
3.931829	6.300893
3.932829	6.627870
3.933829	6.783537
3.934829	6.771714
3.935829	6.608235
3.936829	6.318459
3.937829	5.934769
3.938829	5.494080
3.939829	5.035341
3.940829	4.597040
3.941829	4.214713
3.942829	3.918517
3.943829	3.731753
3.944829	3.670798
3.945829	3.745359
3.946829	3.958737
3.947829	4.308088
3.948829	4.784681
3.949829	5.374164
3.950829	6.056823
3.951829	6.807843
3.952829	7.597613
3.953829	8.392564
3.954829	9.156787
3.955829	9.853828
3.956829	10.448488
3.957829	10.908620
3.958829	11.206930
3.959829	11.322771
3.960829	11.243945
3.961829	10.968501
3.962829	10.506396
3.963829	9.879601
3.964829	9.119934
3.965829	8.266391
3.966829	7.362480
3.967829	6.453542
3.968829	5.584084
3.969829	4.795105
3.970829	4.121424
3.971829	3.589005
3.972829	3.212441
3.973829	2.994082
3.974829	2.925558
3.975829	2.989806
3.976829	3.163100
3.977829	3.417083
3.978829	3.720803
3.979829	4.042747
3.980829	4.352869
3.981829	4.624627
3.982829	4.836927
3.983829	4.975128
3.984829	5.030711
3.985829	5.000681
3.986829	4.886956
3.987829	4.695760
3.988829	4.437017
3.989829	4.123743
3.990829	3.771439
3.991829	3.397484
3.992829	3.020517
3.993829	2.659727
3.994829	2.334003
3.995829	2.061067
3.996829	1.856595
3.997829	1.733347
3.998829	1.700291
3.999829	1.761733
4.000829	1.916442
4.001829	2.156774
4.002829	2.467909
4.003829	2.828177
4.004829	3.210874
4.005829	3.586368
4.006829	3.924218
4.007829	4.195284
4.008829	4.373844
4.009829	4.439706
4.010829	4.380324
4.011829	4.192911
4.012829	3.886366
4.013829	3.481352
4.014829	3.007887
4.015829	2.502464
4.016829	2.005163
4.017829	1.556756
4.018829	1.195821
4.019829	0.955851
4.020829	0.862366
4.021829	0.930018
4.022829	1.159931
4.023829	1.539253
4.024829	2.043589
4.025829	2.640002
4.026829	3.290007
4.027829	3.952571
4.028829	4.587114
4.029829	5.156510
4.030829	5.630079
4.031829	5.986596
4.032829	6.217058
4.033829	6.325322
4.034829	6.325987
4.035829	6.241770
4.036829	6.100873
4.037829	5.934348
4.038829	5.773468
4.039829	5.647090
4.040829	5.579027
4.041829	5.585411
4.042829	5.672267
4.043829	5.834965
4.044829	6.060052
4.045829	6.327516
4.046829	6.613052
4.047829	6.890332
4.048829	7.133269
4.049829	7.318290
4.050829	7.426599
4.051829	7.446449
4.052829	7.375221
4.053829	7.219800
4.054829	6.994850
4.055829	6.720717
4.056829	6.421321
4.057829	6.122050
4.058829	5.847661
4.059829	5.620171
4.060829	5.456752
4.061829	5.367630
4.062829	5.354163
4.063829	5.408582
4.064829	5.515730
4.065829	5.655157
4.066829	5.803216
4.067829	5.935157
4.068829	6.027228
4.069829	6.058766
4.070829	6.014296
4.071829	5.885626
4.072829	5.673751
4.073829	5.389071
4.074829	5.049614
4.075829	4.678912
4.076829	4.303882
4.077829	3.952698
4.078829	3.652669
4.079829	3.428114
4.080829	3.298240
4.081829	3.275016
4.082829	3.361246
4.083829	3.550291
4.084829	3.827714
4.085829	4.173254
4.086829	4.562791
4.087829	4.970325
4.088829	5.369943
4.089829	5.737795
4.090829	6.054060
4.091829	6.304926
4.092829	6.484379
4.093829	6.594536
4.094829	6.644310
4.095829	6.647791
4.096829	6.622635
4.097829	6.588446
4.098829	6.565160
4.099829	6.571433
4.100829	6.623018
4.101829	6.731160
4.102829	6.901104
4.103829	7.131688
4.104829	7.416135
4.105829	7.743036
4.106829	8.097335
4.107829	8.461317
4.108829	8.815593
4.109829	9.140083
4.110829	9.415005
4.111829	9.621860
4.112829	9.744377
4.113829	9.769143
4.114829	9.685888
4.115829	9.487717
4.116829	9.171335
4.117829	8.737281
4.118829	8.190153
4.119829	7.538842
4.120829	6.796757
4.121829	5.982057
4.122829	5.117782
4.123829	4.231216
4.124829	3.352426
4.125829	2.512681
4.126829	1.742857
4.127829	1.071854
4.128829	0.525008
4.129829	0.122502
4.130829	-0.122222
4.131829	-0.204049
4.132829	-0.127579
4.133829	0.092976
4.134829	0.435489
4.135829	0.871841
4.136829	1.369855
4.137829	1.895224
4.138829	2.413446
4.139829	2.891746
4.140829	3.301014
4.141829	3.617733
4.142829	3.825739
4.143829	3.916749
4.144829	3.889603
4.145829	3.749317
4.146829	3.506138
4.147829	3.174592
4.148829	2.772541
4.149829	2.320234
4.150829	1.839358
4.151829	1.352093
4.152829	0.880192
4.153829	0.444260
4.154829	0.063235
4.155829	-0.246096
4.156829	-0.469585
4.157829	-0.596216
4.158829	-0.618585
4.159829	-0.533393
4.160829	-0.341934
4.161829	-0.050578
4.162829	0.328854
4.163829	0.779536
4.164829	1.280902
4.165829	1.810022
4.166829	2.342979
4.167829	2.856250
4.168829	3.328083
4.169829	3.739874
4.170829	4.077546
4.171829	4.332928
4.172829	4.504949
4.173829	4.599586
4.174829	4.628591
4.175829	4.608042
4.176829	4.556900
4.177829	4.495563
4.178829	4.444420
4.179829	4.422407
4.180829	4.445560
4.181829	4.525573
4.182829	4.668499
4.183829	4.874490
4.184829	5.138507
4.185829	5.451170
4.186829	5.799611
4.187829	6.168318
4.188829	6.539991
4.189829	6.896384
4.190829	7.219163
4.191829	7.490746
4.192829	7.695131
4.193829	7.818518
4.194829	7.849751
4.195829	7.780739
4.196829	7.606874
4.197829	7.327448
4.198829	6.946073
4.199829	6.471100
4.200829	5.916035
4.201829	5.299959
4.202829	4.647774
4.203829	3.989317
4.204829	3.357449
4.205829	2.785998
4.206829	2.307708
4.207829	1.952187
4.208829	1.743856
4.209829	1.699893
4.210829	1.828183
4.211829	2.125268
4.212829	2.574679
4.213829	3.147679
4.214829	3.806213
4.215829	4.506113
4.216829	5.200323
4.217829	5.842111
4.218829	6.388287
4.219829	6.802420
4.220829	7.058054
4.221829	7.141919
4.222829	7.056638
4.223829	6.820261
4.224829	6.462993
4.225829	6.023562
4.226829	5.545604
4.227829	5.074033
4.228829	4.651416
4.229829	4.314354
4.230829	4.089853
4.231829	3.991707
4.232829	4.017457
4.233829	4.148873
4.234829	4.355514
4.235829	4.598651
4.236829	4.835199
4.237829	5.021638
4.238829	5.117945
4.239829	5.091520
4.240829	4.921111
4.241829	4.600738
4.242829	4.142938
4.243829	3.578014
4.244829	2.949842
4.245829	2.311292
4.246829	1.719633
4.247829	1.231951
4.248829	0.900558
4.249829	0.768406
4.250829	0.864497
4.251829	1.199306
4.252829	1.760990
4.253829	2.516209
4.254829	3.414815
4.255829	4.394993
4.256829	5.388388
4.257829	6.325248
4.258829	7.139554
4.259829	7.774158
4.260829	8.185916
4.261829	8.350819
4.262829	8.268264
4.263829	7.960504
4.264829	7.468092
4.265829	6.844897
4.266829	6.153110
4.267829	5.458250
4.268829	4.824176
4.269829	4.308093
4.270829	3.955560
4.271829	3.795507
4.272829	3.836045
4.273829	4.064689
4.274829	4.452156
4.275829	4.956553
4.276829	5.527557
4.277829	6.110612
4.278829	6.651106
4.279829	7.098562
4.280829	7.410823
4.281829	7.558236
4.282829	7.527186
4.283829	7.320175
4.284829	6.953134
4.285829	6.452443
4.286829	5.851957
4.287829	5.190025
4.288829	4.506513
4.289829	3.839828
4.290829	3.223934
4.291829	2.685385
4.292829	2.240784
4.293829	1.896568
4.294829	1.650593
4.295829	1.493916
4.296829	1.412570
4.297829	1.389342
4.298829	1.405550
4.299829	1.442819
4.300829	1.484862
4.301829	1.519249
4.302829	1.538916
4.303829	1.542260
4.304829	1.532161
4.305829	1.514897
4.306829	1.499055
4.307829	1.494445
4.308829	1.511014
4.309829	1.557758
4.310829	1.641638
4.311829	1.766491
4.312829	1.932143
4.313829	2.134511
4.314829	2.366446
4.315829	2.618653
4.316829	2.880610
4.317829	3.141485
4.318829	3.391057
4.319829	3.620630
4.320829	3.823957
4.321829	3.998155
4.322829	4.144421
4.323829	4.267780
4.324829	4.376105
4.325829	4.479069
4.326829	4.587105
4.327829	4.710353
4.328829	4.857618
4.329829	5.035321
4.330829	5.246457
4.331829	5.489545
4.332829	5.757846
4.333829	6.039808
4.334829	6.320408
4.335829	6.582583
4.336829	6.808651
4.337829	6.981744
4.338829	7.087229
4.339829	7.114140
4.340829	7.056600
4.341829	6.915247
4.342829	6.698300
4.343829	6.420922
4.344829	6.103392
4.345829	5.769153
4.346829	5.442869
4.347829	5.148482
4.348829	4.907261
4.349829	4.735858
4.350829	4.644365
4.351829	4.634372
4.352829	4.697524
4.353829	4.816364
4.354829	4.966794
4.355829	5.120655
4.356829	5.248328
4.357829	5.321319
4.358829	5.314854
4.359829	5.210473
4.360829	4.998615
4.361829	4.681207
4.362829	4.273554
4.363829	3.803101
4.364829	3.306050
4.365829	2.823793
4.366829	2.399341
4.367829	2.073759
4.368829	1.882597
4.369829	1.852322
4.370829	1.996749
4.371829	2.313488
4.372829	2.781340
4.373829	3.361926
4.374829	4.004166
4.375829	4.648990
4.376829	5.234053
4.377829	5.698449
4.378829	5.987422
4.379829	6.057084
4.380829	5.879128
4.381829	5.445522
4.382829	4.772024
4.383829	3.896526
4.384829	2.874001
4.385829	1.771167
4.386829	0.661156
4.387829	-0.381823
4.388829	-1.287815
4.389829	-1.996458
4.390829	-2.462309
4.391829	-2.660168
4.392829	-2.589132
4.393829	-2.271322
4.394829	-1.747142
4.395829	-1.070278
4.396829	-0.302678
4.397829	0.490448
4.398829	1.245642
4.399829	1.906209
4.400829	2.427221
4.401829	2.780514
4.402829	2.958546
4.403829	2.973515
4.404829	2.853490
4.405829	2.638292
4.406829	2.375387
4.407829	2.115775
4.408829	1.909877
4.409829	1.803424
4.410829	1.833348
4.411829	2.023680
4.412829	2.382338
4.413829	2.901489
4.414829	3.560151
4.415829	4.326959
4.416829	5.162940
4.417829	6.024274
4.418829	6.865066
4.419829	7.640117
4.420829	8.307689
4.421829	8.832265
4.422829	9.186895
4.423829	9.353832
4.424829	9.324144
4.425829	9.097252
4.426829	8.680460
4.427829	8.088491
4.428829	7.343018
4.429829	6.472203
4.430829	5.510225
4.431829	4.496815
4.432829	3.476511
4.433829	2.496856
4.434829	1.605959
4.435829	0.850014
4.436829	0.270814
4.437829	-0.096731
4.438829	-0.227078
4.439829	-0.106537
4.440829	0.264250
4.441829	0.867840
4.442829	1.668524
4.443829	2.614709
4.444829	3.643547
4.445829	4.685730
4.446829	5.670279
4.447829	6.529339
4.448829	7.202970
4.449829	7.643936
4.450829	7.822501
4.451829	7.731188
4.452829	7.388059
4.453829	6.834395
4.454829	6.129155
4.455829	5.343214
4.456829	4.553606
4.457829	3.837761
4.458829	3.267747
4.459829	2.904506
4.460829	2.792097
4.461829	2.951968
4.462829	3.378847
4.463829	4.042616
4.464829	4.893555
4.465829	5.867820
4.466829	6.892908
4.467829	7.893131
4.468829	8.795089
4.469829	9.533141
4.470829	10.054876
4.471829	10.326553
4.472829	10.337127
4.473829	10.097134
4.474829	9.634734
4.475829	8.991576
4.476829	8.218659
4.477829	7.372189
4.478829	6.509444
4.479829	5.684636
4.480829	4.944769
4.481829	4.325523
4.482829	3.848130
4.483829	3.519753
4.484829	3.335780
4.485829	3.282232
4.486829	3.338169
4.487829	3.478105
4.488829	3.674414
4.489829	3.899739
4.490829	4.129402
4.491829	4.343801
4.492829	4.530239
4.493829	4.682778
4.494829	4.801050
4.495829	4.888997
4.496829	4.953615
4.497829	5.003698
4.498829	5.048576
4.499829	5.096864
4.500829	5.155201
4.501829	5.227003
4.502829	5.311566
4.503829	5.404376
4.504829	5.498044
4.505829	5.583281
4.506829	5.649873
4.507829	5.687651
4.508829	5.687469
4.509829	5.642175
4.510829	5.547589
4.511829	5.403464
4.512829	5.214124
4.513829	4.988001
4.514829	4.736606
4.515829	4.473471
4.516829	4.213087
4.517829	3.969847
4.518829	3.756982
4.519829	3.585505
4.520829	3.463149
4.521829	3.393318
4.522829	3.374404
4.523829	3.400312
4.524829	3.461587
4.525829	3.546581
4.526829	3.642614
4.527829	3.737136
4.528829	3.818894
4.529829	3.879091
4.530829	3.912555
4.531829	3.918883
4.532829	3.903149
4.533829	3.875170
4.534829	3.848059
4.535829	3.836749
4.536829	3.856509
4.537829	3.921465
4.538829	4.043116
4.539829	4.228859
4.540829	4.480499
4.541829	4.792793
4.542829	5.152601
4.543829	5.539967
4.544829	5.930149
4.545829	6.295682
4.546829	6.608454
4.547829	6.841776
4.548829	6.972452
4.549829	6.982850
4.550829	6.862974
4.551829	6.612511
4.552829	6.242069
4.553829	5.771928
4.554829	5.229610
4.555829	4.647387
4.556829	4.059790
4.557829	3.501123
4.558829	3.002964
4.559829	2.591682
4.560829	2.285942
4.561829	2.094243
4.562829	2.013378
4.563829	2.029672
4.564829	2.121517
4.565829	2.261968
4.566829	2.421345
4.567829	2.569821
4.568829	2.680031
4.569829	2.729660
4.570829	2.704047
4.571829	2.598750
4.572829	2.421107
4.573829	2.188853
4.574829	1.927371
4.575829	1.666892
4.576829	1.439687
4.577829	1.277259
4.578829	1.207543
4.579829	1.252096
4.580829	1.423293
4.581829	1.721553
4.582829	2.133696
4.583829	2.634524
4.584829	3.189868
4.585829	3.759690
4.586829	4.301190
4.587829	4.771919
4.588829	5.132878
4.589829	5.351630
4.590829	5.405410
4.591829	5.284185
4.592829	4.992584
4.593829	4.548538
4.594829	3.980509
4.595829	3.324639
4.596829	2.621904
4.597829	1.915269
4.598829	1.246845
4.599829	0.655037
4.600829	0.171703
4.601829	-0.180664
4.602829	-0.390812
4.603829	-0.458011
4.604829	-0.390218
4.605829	-0.202185
4.606829	0.086423
4.607829	0.452922
4.608829	0.873489
4.609829	1.325053
4.610829	1.787184
4.611829	2.243955
4.612829	2.685202
4.613829	3.106116
4.614829	3.506141
4.615829	3.887838
4.616829	4.255749
4.617829	4.615262
4.618829	4.971478
4.619829	5.328073
4.620829	5.686164
4.621829	6.043194
4.622829	6.392299
4.623829	6.722995
4.624829	7.022395
4.625829	7.276457
4.626829	7.471226
4.627829	7.594080
4.628829	7.634973
4.629829	7.587680
4.630829	7.451042
4.631829	7.230190
4.632829	6.937144
4.633829	6.589818
4.634829	6.210359
4.635829	5.823467
4.636829	5.454709
4.637829	5.128842
4.638829	4.868126
4.639829	4.690641
4.640829	4.608610
4.641829	4.626738
4.642829	4.741280
4.643829	4.940956
4.644829	5.208592
4.645829	5.522805
4.646829	5.859672
4.647829	6.194411
4.648829	6.503053
4.649829	6.764123
4.650829	6.960314
4.651829	7.080138
4.652829	7.118946
4.653829	7.078366
4.654829	6.965116
4.655829	6.789799
4.656829	6.565695
4.657829	6.307553
4.658829	6.030386
4.659829	5.748262
4.660829	5.473099
4.661829	5.213474
4.662829	4.973888
4.663829	4.755142
4.664829	4.555140
4.665829	4.369706
4.666829	4.193404
4.667829	4.020356
4.668829	3.845062
4.669829	3.663211
4.670829	3.472511
4.671829	3.273481
4.672829	3.069881
4.673829	2.868229
4.674829	2.676968
4.675829	2.505635
4.676829	2.364014
4.677829	2.261304
4.678829	2.205278
4.679829	2.201440
4.680829	2.252194
4.681829	2.356017
4.682829	2.507058
4.683829	2.695727
4.684829	2.909642
4.685829	3.134598
4.686829	3.355524
4.687829	3.557453
4.688829	3.726480
4.689829	3.850729
4.690829	3.921315
4.691829	3.933290
4.692829	3.886170
4.693829	3.783503
4.694829	3.632080
4.695829	3.441144
4.696829	3.221590
4.697829	2.985175
4.698829	2.743716
4.699829	2.508301
4.700829	2.288489
4.701829	2.091530
4.702829	1.921907
4.703829	1.781616
4.704829	1.670694
4.705829	1.587771
4.706829	1.530610
4.707829	1.496650
4.708829	1.483555
4.709829	1.489753
4.710829	1.514982
4.711829	1.560820
4.712829	1.630901
4.713829	1.730425
4.714829	1.865434
4.715829	2.042075
4.716829	2.265861
4.717829	2.540938
4.718829	2.869349
4.719829	3.250294
4.720829	3.679399
4.721829	4.148000
4.722829	4.642921
4.723829	5.147319
4.724829	5.641893
4.725829	6.106100
4.726829	6.519381
4.727829	6.862376
4.728829	7.118142
4.729829	7.273376
4.730829	7.319634
4.731829	7.254515
4.732829	7.082239
4.733829	6.812880
4.734829	6.461170
4.735829	6.045287
4.736829	5.585640
4.737829	5.103657
4.738829	4.620571
4.739829	4.156208
4.740829	3.727774
4.741829	3.348666
4.742829	3.027767
4.743829	2.769750
4.744829	2.575717
4.745829	2.443846
4.746829	2.370034
4.747829	2.348546
4.748829	2.372660
4.749829	2.435315
4.750829	2.529754
4.751829	2.650160
4.752829	2.792022
4.753829	2.951967
4.754829	3.127409
4.755829	3.316205
4.756829	3.516300
4.757829	3.725378
4.758829	3.940515
4.759829	4.157824
4.760829	4.372106
4.761829	4.576519
4.762829	4.762546
4.763829	4.920574
4.764829	5.040672
4.765829	5.113368
4.766829	5.130426
4.767829	5.085630
4.768829	4.975559
4.769829	4.800365
4.770829	4.564555
4.771829	4.277733
4.772829	3.954699
4.773829	3.614268
4.774829	3.277703
4.775829	2.967131
4.776829	2.703964
4.777829	2.507317
4.778829	2.392430
4.779829	2.369082
4.780829	2.440016
4.781829	2.599418
4.782829	2.832480
4.783829	3.117078
4.784829	3.426079
4.785829	3.729667
4.786829	3.997664
4.787829	4.201855
4.788829	4.318314
4.789829	4.329726
4.790829	4.227713
4.791829	4.015068
4.792829	3.706513
4.793829	3.326632
4.794829	2.906967
4.795829	2.483095
4.796829	2.091716
4.797829	1.767723
4.798829	1.541286
4.799829	1.434931
4.800829	1.460617
4.801829	1.616931
4.802829	1.888114
4.803829	2.246533
4.804829	2.656148
4.805829	3.075999
4.806829	3.463691
4.807829	3.778885
4.808829	3.986784
4.809829	4.061619
4.810829	3.990140
4.811829	3.774962
4.812829	3.435717
4.813829	3.006153
4.814829	2.530097
4.815829	2.057389
4.816829	1.639818
4.817829	1.327054
4.818829	1.162585
4.819829	1.179656
4.820829	1.397195
4.821829	1.815918
4.822829	2.416892
4.823829	3.164584
4.824829	4.011135
4.825829	4.900665
4.826829	5.773575
4.827829	6.570853
4.828829	7.238378
4.829829	7.731221
4.830829	8.017950
4.831829	8.084774
4.832829	7.937269
4.833829	7.597825
4.834829	7.101930
4.835829	6.494442
4.836829	5.825845
4.837829	5.148521
4.838829	4.513010
4.839829	3.964274
4.840829	3.537966
4.841829	3.256818
4.842829	3.128911
4.843829	3.149203
4.844829	3.301918
4.845829	3.562956
4.846829	3.902299
4.847829	4.286418
4.848829	4.680684
4.849829	5.051773
4.850829	5.370076
4.851829	5.612034
4.852829	5.761506
4.853829	5.809463
4.854829	5.753254
4.855829	5.595866
4.856829	5.345176
4.857829	5.013213
4.858829	4.615415
4.859829	4.169883
4.860829	3.696642
4.861829	3.216896
4.862829	2.752267
4.863829	2.324020
4.864829	1.952267
4.865829	1.655182
4.866829	1.448216
4.867829	1.343303
4.868829	1.348074
4.869829	1.465069
4.870829	1.690949
4.871829	2.015763
4.872829	2.422980
4.873829	2.890764
4.874829	3.393568
4.875829	3.903728
4.876829	4.393059
4.877829	4.834449
4.878829	5.203456
4.879829	5.479905
4.880829	5.649480
4.881829	5.705250
4.882829	5.648238
4.883829	5.486463
4.884829	5.233600
4.885829	4.907643
4.886829	4.529562
4.887829	4.121963
4.888829	3.707745
4.889829	3.308761
4.890829	2.944477
4.891829	2.630672
4.892829	2.378732
4.893829	2.195857
4.894829	2.085488
4.895829	2.047742
4.896829	2.079844
4.897829	2.176560
4.898829	2.330629
4.899829	2.533196
4.900829	2.774246
4.901829	3.043029
4.902829	3.328437
4.903829	3.619289
4.904829	3.904602
4.905829	4.173859
4.906829	4.417275
4.907829	4.626068
4.908829	4.792723
4.909829	4.911266
4.910829	4.977526
4.911829	4.989394
4.912829	4.946910
4.913829	4.852096
4.914829	4.708738
4.915829	4.522160
4.916829	4.299004
4.917829	4.047003
4.918829	3.774762
4.919829	3.491532
4.920829	3.206990
4.921829	2.931009
4.922829	2.673412
4.923829	2.443676
4.924829	2.250632
4.925829	2.102163
4.926829	2.004903
4.927829	1.963940
4.928829	1.982505
4.929829	2.061683
4.930829	2.200102
4.931829	2.393662
4.932829	2.635545
4.933829	2.916654
4.934829	3.226135
4.935829	3.551912
4.936829	3.881212
4.937829	4.201096
4.938829	4.498985
4.939829	4.763195
4.940829	4.983459
4.941829	5.151445
4.942829	5.261059
4.943829	5.308470
4.944829	5.292069
4.945829	5.212423
4.946829	5.072236
4.947829	4.876306
4.948829	4.631482
4.949829	4.346624
4.950829	4.032557
4.951829	3.702008
4.952829	3.369263
4.953829	3.049447
4.954829	2.757715
4.955829	2.508455
4.956829	2.314474
4.957829	2.186200
4.958829	2.130873
4.959829	2.151742
4.960829	2.247261
4.961829	2.410355
4.962829	2.628491
4.963829	2.884849
4.964829	3.159713
4.965829	3.431880
4.966829	3.680051
4.967829	3.884236
4.968829	4.027151
4.969829	4.095618
4.970829	4.081967
4.971829	3.985333
4.972829	3.811932
4.973829	3.573938
4.974829	3.288086
4.975829	2.974260
4.976829	2.654096
4.977829	2.349575
4.978829	2.081616
4.979829	1.868677
4.980829	1.725344
4.981829	1.661015
4.982829	1.679402
4.983829	1.779144
4.984829	1.954634
4.985829	2.196848
4.986829	2.494179
4.987829	2.833261
4.988829	3.199805
4.989829	3.579426
4.990829	3.958473
4.991829	4.324824
4.992829	4.668325
4.993829	4.980757
4.994829	5.255727
4.995829	5.488538
4.996829	5.676082
4.997829	5.816713
4.998829	5.910133
4.999829	5.957271
5.000829	5.960167
5.001829	5.921848
5.002829	5.846190
5.003829	5.737750
5.004829	5.601597
5.005829	5.443137
5.006829	5.267943
5.007829	5.081584
5.008829	4.889454
5.009829	4.696600
5.010829	4.507548
5.011829	4.326146
5.012829	4.155480
5.013829	3.997899
5.014829	3.855063
5.015829	3.727982
5.016829	3.617066
5.017829	3.522165
5.018829	3.442616
5.019829	3.377286
5.020829	3.324617
5.021829	3.282673
5.022829	3.249185
5.023829	3.221605
5.024829	3.197168
5.025829	3.172938
5.026829	3.145867
5.027829	3.112853
5.028829	3.070788
5.029829	3.016621
5.030829	2.947405
5.031829	2.860365
5.032829	2.753025
5.033829	2.623409
5.034829	2.470268
5.035829	2.293293
5.036829	2.093341
5.037829	1.872651
5.038829	1.635064
5.039829	1.386247
5.040829	1.133909
5.041829	0.887976
5.042829	0.660368
5.043829	0.464302
5.044829	0.313512
5.045829	0.221470
5.046829	0.200608
5.047829	0.261535
5.048829	0.412261
5.049829	0.657415
5.050829	0.997467
5.051829	1.428026
5.052829	1.939812
5.053829	2.519402
5.054829	3.150114
5.055829	3.812891
5.056829	4.487183
5.057829	5.151829
5.058829	5.785944
5.059829	6.369797
5.060829	6.885696
5.061829	7.318828
5.062829	7.657719
5.063829	7.894275
5.064829	8.023740
5.065829	8.044670
5.066829	7.958887
5.067829	7.771454
5.068829	7.490631
5.069829	7.127847
5.070829	6.697657
5.071829	6.217663
5.072829	5.708000
5.073829	5.190358
5.074829	4.686930
5.075829	4.219348
5.076829	3.807634
5.077829	3.469139
5.078829	3.217489
5.079829	3.061525
5.080829	3.004253
5.081829	3.041920
5.082829	3.164196
5.083829	3.355559
5.084829	3.596876
5.085829	3.866982
5.086829	4.144256
5.087829	4.408202
5.088829	4.641031
5.089829	4.829233
5.090829	4.965166
5.091829	5.048439
5.092829	5.085875
5.093829	5.089900
5.094829	5.076709
5.095829	5.064416
5.096829	5.071214
5.097829	5.113531
5.098829	5.204185
5.099829	5.350539
5.100829	5.552663
5.101829	5.801728
5.102829	6.080222
5.103829	6.364108
5.104829	6.625263
5.105829	6.833921
5.106829	6.961123
5.107829	6.981155
5.108829	6.873998
5.109829	6.627769
5.110829	6.241165
5.111829	5.725586
5.112829	5.104860
5.113829	4.412483
5.114829	3.688486
5.115829	2.976307
5.116829	2.319653
5.117829	1.759378
5.118829	1.330341
5.119829	1.058283
5.120829	0.956689
5.121829	1.024047
5.122829	1.243869
5.123829	1.587555
5.124829	2.017658
5.125829	2.491153
5.126829	2.962709
5.127829	3.387957
5.128829	3.726758
5.129829	3.946476
5.130829	4.025244
5.131829	3.954862
5.132829	3.741070
5.133829	3.401195
5.134829	2.961427
5.135829	2.454089
5.136829	1.914911
5.137829	1.380307
5.138829	0.884645
5.139829	0.457519
5.140829	0.121031
5.141829	-0.112652
5.142829	-0.241676
5.143829	-0.272900
5.144829	-0.219997
5.145829	-0.101571
5.146829	0.060737
5.147829	0.244135
5.148829	0.426575
5.149829	0.588639
5.150829	0.715426
5.151829	0.798254
5.152829	0.835032
5.153829	0.829373
5.154829	0.789532
5.155829	0.727345
5.156829	0.657168
5.157829	0.594814
5.158829	0.556492
5.159829	0.557748
5.160829	0.612397
5.161829	0.731542
5.162829	0.923050
5.163829	1.191475
5.164829	1.538054
5.165829	1.960680
5.166829	2.453900
5.167829	3.008889
5.168829	3.613443
5.169829	4.251964
5.170829	4.905443
5.171829	5.551553
5.172829	6.165414
5.173829	6.720989
5.174829	7.192558
5.175829	7.556195
5.176829	7.791242
5.177829	7.881783
5.178829	7.818124
5.179829	7.598263
5.180829	7.229367
5.181829	6.728950
5.182829	6.124186
5.183829	5.449519
5.184829	4.744064
5.185829	4.049006
5.186829	3.404996
5.187829	2.849548
5.188829	2.414441
5.189829	2.123115
5.190829	1.988073
5.191829	2.008673
5.192829	2.171384
5.193829	2.452222
5.194829	2.819458
5.195829	3.236336
5.196829	3.663772
5.197829	4.063075
5.198829	4.398649
5.199829	4.640707
5.200829	4.767978
5.201829	4.770058
5.202829	4.647589
5.203829	4.410550
5.204829	4.076303
5.205829	3.667655
5.206829	3.210910
5.207829	2.733924
5.208829	2.264162
5.209829	1.826748
5.210829	1.442528
5.211829	1.126338
5.212829	0.886564
5.213829	0.725805
5.214829	0.641663
5.215829	0.627534
5.216829	0.673406
5.217829	0.766642
5.218829	0.892780
5.219829	1.036320
5.220829	1.181519
5.221829	1.313151
5.222829	1.417093
5.223829	1.480769
5.224829	1.493572
5.225829	1.447286
5.226829	1.336514
5.227829	1.159096
5.228829	0.916537
5.229829	0.614428
5.230829	0.262872
5.231829	-0.123254
5.232829	-0.524908
5.233829	-0.920227
5.234829	-1.285953
5.235829	-1.598852
5.236829	-1.837142
5.237829	-1.981919
5.238829	-2.018573
5.239829	-1.938221
5.240829	-1.739123
5.241829	-1.427821
5.242829	-1.018717
5.243829	-0.532367
5.244829	0.006356
5.245829	0.570101
5.246829	1.130876
5.247829	1.661893
5.248829	2.139401
5.249829	2.544526
5.250829	2.865114
5.251829	3.097248
5.252829	3.245111
5.253829	3.319502
5.254829	3.336209
5.255829	3.314394
5.256829	3.274961
5.257829	3.238942
5.258829	3.225866
5.259829	3.252139
5.260829	3.329427
5.261829	3.463279
5.262829	3.653101
5.263829	3.893162
5.264829	4.173717
5.265829	4.482123
5.266829	4.803963
5.267829	5.124162
5.268829	5.428107
5.269829	5.702770
5.270829	5.937823
5.271829	6.126598
5.272829	6.266246
5.273829	6.357261
5.274829	6.402952
5.275829	6.408908
5.276829	6.382465
5.277829	6.332176
5.278829	6.267279
5.279829	6.197161
5.280829	6.130828
5.281829	6.076418
5.282829	6.040931
5.283829	6.030132
5.284829	6.048467
5.285829	6.098976
5.286829	6.183216
5.287829	6.301169
5.288829	6.451169
5.289829	6.629807
5.290829	6.831858
5.291829	7.050249
5.292829	7.276331
5.293829	7.500348
5.294829	7.711945
5.295829	7.900662
5.296829	8.056435
5.297829	8.170095
5.298829	8.233865
5.299829	8.241861
5.300829	8.190592
5.301829	8.079349
5.302829	7.910108
5.303829	7.687058
5.304829	7.416101
5.305829	7.104353
5.306829	6.759643
5.307829	6.390008
5.308829	6.003200
5.309829	5.606177
5.310829	5.204609
5.311829	4.802477
5.312829	4.402158
5.313829	4.004855
5.314829	3.611055
5.315829	3.220989
5.316829	2.835090
5.317829	2.454459
5.318829	2.081316
5.319829	1.719467
5.320829	1.374756
5.321829	1.055375
5.322829	0.771448
5.323829	0.534124
5.324829	0.354620
5.325829	0.243268
5.326829	0.208558
5.327829	0.256183
5.328829	0.388087
5.329829	0.601506
5.330829	0.888019
5.331829	1.232894
5.332829	1.615782
5.333829	2.012342
5.334829	2.395941
5.335829	2.739358
5.336829	3.016488
5.337829	3.204044
5.338829	3.283257
5.339829	3.241584
5.340829	3.074401
5.341829	2.786292
5.342829	2.390516
5.343829	1.907235
5.344829	1.361656
5.345829	0.782156
5.346829	0.198416
5.347829	-0.360446
5.348829	-0.867742
5.349829	-1.301086
5.350829	-1.644252
5.351829	-1.888662
5.352829	-2.033240
5.353829	-2.083173
5.354829	-2.048596
5.355829	-1.943268
5.356829	-1.783248
5.357829	-1.585582
5.358829	-1.366975
5.359829	-1.142470
5.360829	-0.924136
5.361829	-0.719984
5.362829	-0.533913
5.363829	-0.366314
5.364829	-0.214729
5.365829	-0.074509
5.366829	0.060530
5.367829	0.197444
5.368829	0.343508
5.369829	0.505553
5.370829	0.689315
5.371829	0.898858
5.372829	1.136368
5.373829	1.402173
5.374829	1.694775
5.375829	2.010894
5.376829	2.345500
5.377829	2.691852
5.378829	3.041537
5.379829	3.384504
5.380829	3.709105
5.381829	4.002248
5.382829	4.250018
5.383829	4.438594
5.384829	4.555185
5.385829	4.588966
5.386829	4.532016
5.387829	4.380255
5.388829	4.134380
5.389829	3.800801
5.390829	3.392573
5.391829	2.929909
5.392829	2.439026
5.393829	1.949962
5.394829	1.494328
5.395829	1.103055
5.396829	0.804138
5.397829	0.620386
5.398829	0.567165
5.399829	0.650149
5.400829	0.863081
5.401829	1.186291
5.402829	1.588214
5.403829	2.028705
5.404829	2.462484
5.405829	2.842571
5.406829	3.123738
5.407829	3.265947
5.408829	3.237793
5.409829	3.019950
5.410829	2.608591
5.411829	2.017801
5.412829	1.278066
5.413829	0.432474
5.414829	-0.467263
5.415829	-1.364774
5.416829	-2.202999
5.417829	-2.928158
5.418829	-3.493721
5.419829	-3.864377
5.420829	-4.019984
5.421829	-3.958450
5.422829	-3.694604
5.423829	-3.256740
5.424829	-2.683007
5.425829	-2.017798
5.426829	-1.308139
5.427829	-0.600077
5.428829	0.064928
5.429829	0.653620
5.430829	1.144529
5.431829	1.530466
5.432829	1.816943
5.433829	2.018295
5.434829	2.153649
5.435829	2.242891
5.436829	2.302634
5.437829	2.342188
5.438829	2.359525
5.439829	2.337250
5.440829	2.238710
5.441829	2.010881
5.442829	1.611807
5.443829	1.051675
5.444829	0.434773
5.445829	0.001443
5.446829	0.170039
5.447829	1.578882
5.448829	5.128221
5.449829	12.022181
