0.000000
0.000000
0.000000
0.000000
0.000000
0.000000
0.000000
0.000000
0.000000
0.000000
0.000000
0.000000
0.000000
0.000000
0.000000
0.000000
0.000000
0.000000
0.000000
0.000000
0.000000
0.000000
0.000000
0.000000
0.000000
0.000000
0.000000
0.000000
0.000000
0.000000
0.000000
0.000000
0.000000
0.000000
0.000000
0.000000
0.000000
0.000000
0.000000
0.000000
0.000000
0.000000
0.000000
0.000000
0.000000
0.000000
0.000000
0.000000
0.000000
0.000000
0.000000
0.000000
0.000000
0.000000
0.000000
0.000000
0.000000
0.000000
0.000000
0.000000
0.000000
0.000000
0.000000
0.000000
0.000000
0.000000
0.000000
0.000000
0.000000
-7055903.881289
57472.560669
-5833.976987
1723.664400
-1053.106434
654.357131
-308.483787
-19.998041
-135.450013
137.567833
-145.361963
-30.420383
-39.698524
95.116860
-157.108404
148.385293
-105.175787
171.836490
-31.421982
14.195326
-14.194913
23.882621
-19.378621
44.160651
-105.031917
61.380669
-62.906096
9.280451
26.287045
-67.865247
78.609918
-33.037535
5.708165
8.341390
-60.382292
96.028491
-43.048866
77.615324
-22.415599
-9.175666
45.852439
-30.703397
60.016637
-43.565982
25.680670
-33.993627
-36.643144
-25.526250
17.034629
-1.376760
14.445897
-17.864012
52.271564
-33.218969
34.490831
-64.600738
51.726801
-28.410689
9.405441
-0.955548
30.120878
-0.390910
18.438898
16.547073
1.220568
-7.576421
-8.433100
0.431272
-14.203622
40.537735
-25.987371
13.173498
13.210692
-20.816179
14.288935
-3.315247
-20.733327
17.067115
-1.336951
-6.132015
3.997828
0.029713
-5.458023
6.146328
0.733664
-13.897737
26.061827
0.044690
-9.354815
3.327526
-0.587842
0.276659
14.853473
3.213534
8.073065
-2.619774
19.024125
-20.119836
14.628589
-3.922217
21.875004
-9.607609
0.537320
12.418049
-11.158525
20.515346
-10.532109
0.690293
21.047561
-2.638885
1.605206
8.343291
-5.450500
15.844791
-18.908422
11.770417
17.101639
-21.388180
28.663055
-15.554439
20.296638
-11.008897
14.951168
1.327659
0.069123
11.283586
-14.418895
24.344537
-12.839858
16.391157
5.556607
11.326717
-12.405840
13.868536
-0.440880
11.600929
-11.659020
22.948536
-12.253373
9.883556
17.784901
-7.269220
16.833083
0.591994
14.756184
4.276794
8.800822
8.632805
0.309328
11.687285
10.485071
-12.307949
16.936195
-6.548433
2.828725
2.538957
4.095938
11.501056
-0.641371
16.169816
7.602504
8.540512
-3.247403
12.901496
1.473063
17.646250
5.702250
3.166929
10.995614
-12.779935
12.370797
1.469868
14.699775
-5.017641
3.536247
10.884683
1.315580
6.992309
6.963593
1.244927
8.183367
2.347873
3.297450
10.392573
16.056350
-10.159930
12.354084
-1.512983
17.409010
-14.853497
22.631215
-12.850555
24.335791
-15.749494
27.044686
-31.224575
32.165103
-23.198566
20.043471
-9.947310
20.509630
-8.217909
21.400640
-6.693641
13.304362
-2.158070
19.009484
-2.173434
20.635992
-3.855839
15.383885
-3.442171
10.110832
9.102511
0.680513
22.104675
-19.524521
20.348606
3.054286
6.706350
0.607464
3.001740
7.688455
4.260727
9.616513
-3.672384
8.533478
5.333191
6.622458
11.809276
1.417739
11.551978
-0.308185
8.427039
-3.568677
18.733808
-14.807266
17.629471
3.875688
2.298857
0.069879
-5.006684
10.626442
-7.177888
11.538878
-1.081608
10.520430
-0.143827
24.232141
-12.958696
15.956951
-0.072056
3.846656
20.278455
-4.543645
8.192366
4.037104
-2.470145
11.782573
-8.407088
13.762870
-0.400757
13.300513
0.044967
11.610926
-2.998621
10.989231
2.822052
12.407200
9.584183
-7.813002
8.869409
1.157438
-4.510886
8.959653
0.801818
9.493408
8.961039
-6.908709
17.373162
-5.287128
15.434694
-13.278549
23.305635
-8.941398
17.876893
-2.929617
3.862726
-0.883898
6.147146
2.607508
11.871242
-1.052009
12.430550
-9.073432
20.897975
-18.306901
14.513263
-8.241061
15.406240
8.000307
-11.905807
23.885182
-13.871283
24.856002
-3.700890
7.240629
3.263202
8.445613
0.290313
6.616153
0.115825
14.089033
-4.893946
9.040212
-6.722561
15.135485
-7.266124
4.113496
4.102609
12.075298
-0.974241
11.372298
3.573900
4.898308
-0.664636
7.005886
0.712297
1.791463
0.971442
12.501282
0.919430
2.366514
3.912921
7.849849
-3.149467
11.460572
-7.164963
13.951007
-10.959909
20.546684
-5.278629
9.782658
4.284833
-3.340904
11.328689
0.281781
1.807376
7.070600
3.157370
-0.250497
6.942651
5.282650
-1.602792
8.796504
-2.208216
4.740586
7.328477
4.154744
2.938298
3.460237
1.983471
-3.276167
9.736230
9.363842
-1.911876
9.013602
0.768453
14.614287
-8.970355
12.904059
-6.024290
4.103485
-1.993526
3.278713
14.781140
-6.793642
11.858019
-2.194604
1.503071
3.284272
-7.846084
7.935997
-0.393794
8.259834
5.638985
5.520105
10.743661
4.906098
2.010975
-3.356361
9.706799
-6.587072
0.686217
-0.664718
3.481590
8.079417
-7.384513
14.316735
-15.991874
8.638887
-1.162291
5.786602
-6.155218
13.642621
