0.764829	137.533431
0.765829	135.957469
0.766829	134.277739
0.767829	132.502188
0.768829	130.638536
0.769829	128.694274
0.770829	126.676666
0.771829	124.592756
0.772829	122.449366
0.773829	120.253102
0.774829	118.010356
0.775829	115.727306
0.776829	113.409924
0.777829	111.063975
0.778829	108.695020
0.779829	106.308422
0.780829	103.909342
0.781829	101.502749
0.782829	99.093420
0.783829	96.685941
0.784829	94.284713
0.785829	91.893950
0.786829	89.517688
0.787829	87.159784
0.788829	84.823918
0.789829	82.513597
0.790829	80.232161
0.791829	77.982778
0.792829	75.768455
0.793829	73.592036
0.794829	71.456205
0.795829	69.363491
0.796829	67.316269
0.797829	65.316764
0.798829	63.367050
0.799829	61.469059
0.800829	59.624579
0.801829	57.835260
0.802829	56.102612
0.803829	54.428012
0.804829	52.812708
0.805829	51.257815
0.806829	49.764326
0.807829	48.333108
0.808829	46.964910
0.809829	45.660360
0.810829	44.419975
0.811829	43.244158
0.812829	42.133201
0.813829	41.087293
0.814829	40.106517
0.815829	39.190855
0.816829	38.340190
0.817829	37.554311
0.818829	36.832914
0.819829	36.175605
0.820829	35.581900
0.821829	35.051236
0.822829	34.582962
0.823829	34.176354
0.824829	33.830606
0.825829	33.544844
0.826829	33.318119
0.827829	33.149417
0.828829	33.037657
0.829829	32.981697
0.830829	32.980334
0.831829	33.032309
0.832829	33.136309
0.833829	33.290969
0.834829	33.494875
0.835829	33.746570
0.836829	34.044550
0.837829	34.387274
0.838829	34.773161
0.839829	35.200596
0.840829	35.667934
0.841829	36.173498
0.842829	36.715585
0.843829	37.292469
0.844829	37.902404
0.845829	38.543624
0.846829	39.214349
0.847829	39.912784
0.848829	40.637127
0.849829	41.385567
0.850829	42.156289
0.851829	42.947477
0.852829	43.757316
0.853829	44.583993
0.854829	45.425705
0.855829	46.280656
0.856829	47.147064
0.857829	48.023159
0.858829	48.907191
0.859829	49.797431
0.860829	50.692171
0.861829	51.589732
0.862829	52.488460
0.863829	53.386736
0.864829	54.282974
0.865829	55.175625
0.866829	56.063178
0.867829	56.944168
0.868829	57.817174
0.869829	58.680821
0.870829	59.533788
0.871829	60.374801
0.872829	61.202639
0.873829	62.016128
0.874829	62.814143
0.875829	63.595609
0.876829	64.359496
0.877829	65.104823
0.878829	65.830651
0.879829	66.536092
0.880829	67.220299
0.881829	67.882470
0.882829	68.521847
0.883829	69.137714
0.884829	69.729399
0.885829	70.296268
0.886829	70.837732
0.887829	71.353240
0.888829	71.842281
0.889829	72.304383
0.890829	72.739113
0.891829	73.146074
0.892829	73.524907
0.893829	73.875290
0.894829	74.196937
0.895829	74.489595
0.896829	74.753047
0.897829	74.987109
0.898829	75.191632
0.899829	75.366497
0.900829	75.511619
0.901829	75.626942
0.902829	75.712442
0.903829	75.768126
0.904829	75.794028
0.905829	75.790211
0.906829	75.756768
0.907829	75.693817
0.908829	75.601503
0.909829	75.479999
0.910829	75.329500
0.911829	75.150230
0.912829	74.942433
0.913829	74.706380
0.914829	74.442361
0.915829	74.150691
0.916829	73.831707
0.917829	73.485764
0.918829	73.113239
0.919829	72.714528
0.920829	72.290048
0.921829	71.840231
0.922829	71.365528
0.923829	70.866408
0.924829	70.343355
0.925829	69.796870
0.926829	69.227466
0.927829	68.635675
0.928829	68.022039
0.929829	67.387114
0.930829	66.731470
0.931829	66.055687
0.932829	65.360357
0.933829	64.646082
0.934829	63.913475
0.935829	63.163156
0.936829	62.395756
0.937829	61.611913
0.938829	60.812271
0.939829	59.997483
0.940829	59.168206
0.941829	58.325103
0.942829	57.468842
0.943829	56.600095
0.944829	55.719538
0.945829	54.827847
0.946829	53.925703
0.947829	53.013788
0.948829	52.092783
0.949829	51.163372
0.950829	50.226236
0.951829	49.282056
0.952829	48.331511
0.953829	47.375278
0.954829	46.414030
0.955829	45.448437
0.956829	44.479164
0.957829	43.506872
0.958829	42.532216
0.959829	41.555844
0.960829	40.578397
0.961829	39.600510
0.962829	38.622808
0.963829	37.645908
0.964829	36.670416
0.965829	35.696931
0.966829	34.726037
0.967829	33.758311
0.968829	32.794313
0.969829	31.834595
0.970829	30.879692
0.971829	29.930127
0.972829	28.986407
0.973829	28.049024
0.974829	27.118454
0.975829	26.195159
0.976829	25.279581
0.977829	24.372151
0.978829	23.473281
0.979829	22.583369
0.980829	21.702799
0.981829	20.831938
0.982829	19.971140
0.983829	19.120743
0.984829	18.281072
0.985829	17.452436
0.986829	16.635134
0.987829	15.829446
0.988829	15.035642
0.989829	14.253977
0.990829	13.484693
0.991829	12.728020
0.992829	11.984174
0.993829	11.253358
0.994829	10.535764
0.995829	9.831571
0.996829	9.140944
0.997829	8.464039
0.998829	7.800999
0.999829	7.151956
1.000829	6.517028
1.001829	5.896326
1.002829	5.289946
1.003829	4.697977
1.004829	4.120494
1.005829	3.557563
1.006829	3.009240
1.007829	2.475571
1.008829	1.956590
1.009829	1.452325
1.010829	0.962791
1.011829	0.487996
1.012829	0.027937
1.013829	-0.417396
1.014829	-0.848024
1.015829	-1.263975
1.016829	-1.665285
1.017829	-2.052000
1.018829	-2.424173
1.019829	-2.781865
1.020829	-3.125144
1.021829	-3.454087
1.022829	-3.768777
1.023829	-4.069304
1.024829	-4.355767
1.025829	-4.628269
1.026829	-4.886921
1.027829	-5.131840
1.028829	-5.363150
1.029829	-5.580980
1.030829	-5.785465
1.031829	-5.976746
1.032829	-6.154969
1.033829	-6.320286
1.034829	-6.472853
1.035829	-6.612832
1.036829	-6.740389
1.037829	-6.855694
1.038829	-6.958923
1.039829	-7.050254
1.040829	-7.129872
1.041829	-7.197962
1.042829	-7.254716
1.043829	-7.300326
1.044829	-7.334991
1.045829	-7.358911
1.046829	-7.372288
1.047829	-7.375328
1.048829	-7.368240
1.049829	-7.351233
1.050829	-7.324520
1.051829	-7.288316
1.052829	-7.242837
1.053829	-7.188301
1.054829	-7.124927
1.055829	-7.052934
1.056829	-6.972545
1.057829	-6.883982
1.058829	-6.787467
1.059829	-6.683223
1.060829	-6.571473
1.061829	-6.452442
1.062829	-6.326353
1.063829	-6.193428
1.064829	-6.053890
1.065829	-5.907961
1.066829	-5.755863
1.067829	-5.597814
1.068829	-5.434034
1.069829	-5.264740
1.070829	-5.090148
1.071829	-4.910472
1.072829	-4.725923
1.073829	-4.536712
1.074829	-4.343046
1.075829	-4.145129
1.076829	-3.943165
1.077829	-3.737352
1.078829	-3.527886
1.079829	-3.314961
1.080829	-3.098766
1.081829	-2.879489
1.082829	-2.657313
1.083829	-2.432419
1.084829	-2.204985
1.085829	-1.975185
1.086829	-1.743190
1.087829	-1.509171
1.088829	-1.273291
1.089829	-1.035715
1.090829	-0.796601
1.091829	-0.556106
1.092829	-0.314386
1.093829	-0.071589
1.094829	0.172134
1.095829	0.416639
1.096829	0.661783
1.097829	0.907427
1.098829	1.153433
1.099829	1.399668
1.100829	1.645999
1.101829	1.892298
1.102829	2.138440
1.103829	2.384300
1.104829	2.629758
1.105829	2.874697
1.106829	3.119000
1.107829	3.362555
1.108829	3.605252
1.109829	3.846983
1.110829	4.087644
1.111829	4.327132
1.112829	4.565346
1.113829	4.802191
1.114829	5.037569
1.115829	5.271390
1.116829	5.503564
1.117829	5.734001
1.118829	5.962618
1.119829	6.189332
1.120829	6.414062
1.121829	6.636731
1.122829	6.857262
1.123829	7.075582
1.124829	7.291620
1.125829	7.505307
1.126829	7.716578
1.127829	7.925366
1.128829	8.131612
1.129829	8.335254
1.130829	8.536234
1.131829	8.734499
1.132829	8.929993
1.133829	9.122667
1.134829	9.312470
1.135829	9.499357
1.136829	9.683281
1.137829	9.864201
1.138829	10.042075
1.139829	10.216865
1.140829	10.388533
1.141829	10.557046
1.142829	10.722370
1.143829	10.884474
1.144829	11.043330
1.145829	11.198910
1.146829	11.351189
1.147829	11.500144
1.148829	11.645754
1.149829	11.787999
1.150829	11.926861
1.151829	12.062325
1.152829	12.194376
1.153829	12.323001
1.154829	12.448190
1.155829	12.569935
1.156829	12.688227
1.157829	12.803062
1.158829	12.914435
1.159829	13.022345
1.160829	13.126790
1.161829	13.227771
1.162829	13.325292
1.163829	13.419356
1.164829	13.509969
1.165829	13.597139
1.166829	13.680874
1.167829	13.761184
1.168829	13.838082
1.169829	13.911580
1.170829	13.981694
1.171829	14.048439
1.172829	14.111832
1.173829	14.171894
1.174829	14.228644
1.175829	14.282103
1.176829	14.332295
1.177829	14.379244
1.178829	14.422975
1.179829	14.463516
1.180829	14.500895
1.181829	14.535140
1.182829	14.566283
1.183829	14.594355
1.184829	14.619389
1.185829	14.641420
1.186829	14.660482
1.187829	14.676612
1.188829	14.689848
1.189829	14.700226
1.190829	14.707788
1.191829	14.712573
1.192829	14.714622
1.193829	14.713979
1.194829	14.710685
1.195829	14.704785
1.196829	14.696324
1.197829	14.685348
1.198829	14.671902
1.199829	14.656034
1.200829	14.637792
1.201829	14.617224
1.202829	14.594380
1.203829	14.569309
1.204829	14.542063
1.205829	14.512691
1.206829	14.481246
1.207829	14.447779
1.208829	14.412345
1.209829	14.374994
1.210829	14.335782
1.211829	14.294762
1.212829	14.251989
1.213829	14.207516
1.214829	14.161400
1.215829	14.113696
1.216829	14.064459
1.217829	14.013745
1.218829	13.961610
1.219829	13.908111
1.220829	13.853303
1.221829	13.797245
1.222829	13.739992
1.223829	13.681600
1.224829	13.622128
1.225829	13.561632
1.226829	13.500168
1.227829	13.437793
1.228829	13.374565
1.229829	13.310540
1.230829	13.245774
1.231829	13.180324
1.232829	13.114247
1.233829	13.047597
1.234829	12.980431
1.235829	12.912805
1.236829	12.844774
1.237829	12.776392
1.238829	12.707715
1.239829	12.638797
1.240829	12.569690
1.241829	12.500450
1.242829	12.431129
1.243829	12.361779
1.244829	12.292453
1.245829	12.223202
1.246829	12.154076
1.247829	12.085126
1.248829	12.016403
1.249829	11.947954
1.250829	11.879828
1.251829	11.812073
1.252829	11.744736
1.253829	11.677863
1.254829	11.611499
1.255829	11.545689
1.256829	11.480476
1.257829	11.415904
1.258829	11.352015
1.259829	11.288849
1.260829	11.226447
1.261829	11.164847
1.262829	11.104088
1.263829	11.044206
1.264829	10.985239
1.265829	10.927220
1.266829	10.870183
1.267829	10.814162
1.268829	10.759186
1.269829	10.705288
1.270829	10.652495
1.271829	10.600835
1.272829	10.550335
1.273829	10.501020
1.274829	10.452913
1.275829	10.406038
1.276829	10.360415
1.277829	10.316063
1.278829	10.273001
1.279829	10.231245
1.280829	10.190811
1.281829	10.151711
1.282829	10.113959
1.283829	10.077564
1.284829	10.042535
1.285829	10.008879
1.286829	9.976602
1.287829	9.945707
1.288829	9.916197
1.289829	9.888072
1.290829	9.861331
1.291829	9.835971
1.292829	9.811988
1.293829	9.789376
1.294829	9.768128
1.295829	9.748236
1.296829	9.729690
1.297829	9.712477
1.298829	9.696586
1.299829	9.682003
1.300829	9.668711
1.301829	9.656696
1.302829	9.645938
1.303829	9.636418
1.304829	9.628118
1.305829	9.621015
1.306829	9.615088
1.307829	9.610312
1.308829	9.606664
1.309829	9.604118
1.310829	9.602647
1.311829	9.602225
1.312829	9.602823
1.313829	9.604413
1.314829	9.606963
1.315829	9.610444
1.316829	9.614825
1.317829	9.620072
1.318829	9.626153
1.319829	9.633034
1.320829	9.640681
1.321829	9.649059
1.322829	9.658133
1.323829	9.667866
1.324829	9.678223
1.325829	9.689165
1.326829	9.700655
1.327829	9.712656
1.328829	9.725129
1.329829	9.738035
1.330829	9.751335
1.331829	9.764990
1.332829	9.778961
1.333829	9.793206
1.334829	9.807686
1.335829	9.822362
1.336829	9.837191
1.337829	9.852135
1.338829	9.867151
1.339829	9.882200
1.340829	9.897241
1.341829	9.912232
1.342829	9.927134
1.343829	9.941905
1.344829	9.956505
1.345829	9.970894
1.346829	9.985031
1.347829	9.998877
1.348829	10.012391
1.349829	10.025534
1.350829	10.038267
1.351829	10.050550
1.352829	10.062346
1.353829	10.073615
1.354829	10.084321
1.355829	10.094425
1.356829	10.103891
1.357829	10.112683
1.358829	10.120764
1.359829	10.128099
1.360829	10.134654
1.361829	10.140394
1.362829	10.145286
1.363829	10.149298
1.364829	10.152398
1.365829	10.154554
1.366829	10.155735
1.367829	10.155913
1.368829	10.155058
1.369829	10.153143
1.370829	10.150141
1.371829	10.146025
1.372829	10.140771
1.373829	10.134355
1.374829	10.126753
1.375829	10.117944
1.376829	10.107906
1.377829	10.096621
1.378829	10.084070
1.379829	10.070234
1.380829	10.055100
1.381829	10.038650
1.382829	10.020872
1.383829	10.001754
1.384829	9.981285
1.385829	9.959455
1.386829	9.936256
1.387829	9.911681
1.388829	9.885726
1.389829	9.858387
1.390829	9.829661
1.391829	9.799548
1.392829	9.768050
1.393829	9.735167
1.394829	9.700905
1.395829	9.665269
1.396829	9.628265
1.397829	9.589902
1.398829	9.550188
1.399829	9.509136
1.400829	9.466757
1.401829	9.423064
1.402829	9.378072
1.403829	9.331797
1.404829	9.284255
1.405829	9.235466
1.406829	9.185448
1.407829	9.134221
1.408829	9.081807
1.409829	9.028229
1.410829	8.973510
1.411829	8.917674
1.412829	8.860747
1.413829	8.802754
1.414829	8.743724
1.415829	8.683685
1.416829	8.622664
1.417829	8.560692
1.418829	8.497800
1.419829	8.434018
1.420829	8.369379
1.421829	8.303915
1.422829	8.237659
1.423829	8.170645
1.424829	8.102909
1.425829	8.034484
1.426829	7.965407
1.427829	7.895714
1.428829	7.825441
1.429829	7.754625
1.430829	7.683305
1.431829	7.611517
1.432829	7.539301
1.433829	7.466695
1.434829	7.393738
1.435829	7.320469
1.436829	7.246928
1.437829	7.173154
1.438829	7.099188
1.439829	7.025069
1.440829	6.950838
1.441829	6.876535
1.442829	6.802200
1.443829	6.727875
1.444829	6.653600
1.445829	6.579415
1.446829	6.505360
1.447829	6.431477
1.448829	6.357806
1.449829	6.284386
1.450829	6.211258
1.451829	6.138462
1.452829	6.066038
1.453829	5.994025
1.454829	5.922463
1.455829	5.851390
1.456829	5.780844
1.457829	5.710866
1.458829	5.641491
1.459829	5.572758
1.460829	5.504704
1.461829	5.437366
1.462829	5.370779
1.463829	5.304979
1.464829	5.240002
1.465829	5.175881
1.466829	5.112651
1.467829	5.050345
1.468829	4.988996
1.469829	4.928635
1.470829	4.869293
1.471829	4.811002
1.472829	4.753791
1.473829	4.697688
1.474829	4.642721
1.475829	4.588919
1.476829	4.536306
1.477829	4.484909
1.478829	4.434752
1.479829	4.385857
1.480829	4.338249
1.481829	4.291947
1.482829	4.246973
1.483829	4.203345
1.484829	4.161081
1.485829	4.120199
1.486829	4.080715
1.487829	4.042642
1.488829	4.005995
1.489829	3.970784
1.490829	3.937022
1.491829	3.904717
1.492829	3.873877
1.493829	3.844510
1.494829	3.816620
1.495829	3.790211
1.496829	3.765286
1.497829	3.741846
1.498829	3.719891
1.499829	3.699418
1.500829	3.680426
1.501829	3.662910
1.502829	3.646864
1.503829	3.632282
1.504829	3.619156
1.505829	3.607477
1.506829	3.597235
1.507829	3.588418
1.508829	3.581015
1.509829	3.575011
1.510829	3.570392
1.511829	3.567143
1.512829	3.565246
1.513829	3.564685
1.514829	3.565441
1.515829	3.567494
1.516829	3.570825
1.517829	3.575411
1.518829	3.581231
1.519829	3.588262
1.520829	3.596481
1.521829	3.605862
1.522829	3.616381
1.523829	3.628012
1.524829	3.640727
1.525829	3.654501
1.526829	3.669304
1.527829	3.685108
1.528829	3.701885
1.529829	3.719604
1.530829	3.738234
1.531829	3.757746
1.532829	3.778108
1.533829	3.799287
1.534829	3.821252
1.535829	3.843971
1.536829	3.867409
1.537829	3.891533
1.538829	3.916311
1.539829	3.941706
1.540829	3.967686
1.541829	3.994215
1.542829	4.021259
1.543829	4.048781
1.544829	4.076748
1.545829	4.105123
1.546829	4.133870
1.547829	4.162954
1.548829	4.192339
1.549829	4.221988
1.550829	4.251867
1.551829	4.281938
1.552829	4.312165
1.553829	4.342513
1.554829	4.372945
1.555829	4.403427
1.556829	4.433920
1.557829	4.464391
1.558829	4.494804
1.559829	4.525122
1.560829	4.555312
1.561829	4.585337
1.562829	4.615164
1.563829	4.644758
1.564829	4.674085
1.565829	4.703110
1.566829	4.731802
1.567829	4.760126
1.568829	4.788050
1.569829	4.815541
1.570829	4.842569
1.571829	4.869101
1.572829	4.895107
1.573829	4.920557
1.574829	4.945421
1.575829	4.969669
1.576829	4.993273
1.577829	5.016206
1.578829	5.038441
1.579829	5.059949
1.580829	5.080706
1.581829	5.100687
1.582829	5.119867
1.583829	5.138223
1.584829	5.155731
1.585829	5.172370
1.586829	5.188119
1.587829	5.202957
1.588829	5.216865
1.589829	5.229825
1.590829	5.241819
1.591829	5.252831
1.592829	5.262845
1.593829	5.271847
1.594829	5.279824
1.595829	5.286763
1.596829	5.292652
1.597829	5.297483
1.598829	5.301246
1.599829	5.303932
1.600829	5.305537
1.601829	5.306054
1.602829	5.305478
1.603829	5.303807
1.604829	5.301039
1.605829	5.297172
1.606829	5.292206
1.607829	5.286142
1.608829	5.278983
1.609829	5.270731
1.610829	5.261390
1.611829	5.250964
1.612829	5.239461
1.613829	5.226886
1.614829	5.213246
1.615829	5.198551
1.616829	5.182809
1.617829	5.166031
1.618829	5.148228
1.619829	5.129410
1.620829	5.109592
1.621829	5.088785
1.622829	5.067004
1.623829	5.044263
1.624829	5.020578
1.625829	4.995964
1.626829	4.970439
1.627829	4.944019
1.628829	4.916723
1.629829	4.888569
1.630829	4.859575
1.631829	4.829762
1.632829	4.799150
1.633829	4.767759
1.634829	4.735610
1.635829	4.702725
1.636829	4.669126
1.637829	4.634835
1.638829	4.599876
1.639829	4.564271
1.640829	4.528045
1.641829	4.491221
1.642829	4.453824
1.643829	4.415878
1.644829	4.377409
1.645829	4.338441
1.646829	4.299000
1.647829	4.259112
1.648829	4.218803
1.649829	4.178099
1.650829	4.137026
1.651829	4.095612
1.652829	4.053881
1.653829	4.011863
1.654829	3.969582
1.655829	3.927066
1.656829	3.884343
1.657829	3.841439
1.658829	3.798381
1.659829	3.755197
1.660829	3.711913
1.661829	3.668557
1.662829	3.625156
1.663829	3.581736
1.664829	3.538325
1.665829	3.494948
1.666829	3.451633
1.667829	3.408407
1.668829	3.365294
1.669829	3.322323
1.670829	3.279517
1.671829	3.236904
1.672829	3.194508
1.673829	3.152354
1.674829	3.110468
1.675829	3.068874
1.676829	3.027595
1.677829	2.986657
1.678829	2.946082
1.679829	2.905894
1.680829	2.866115
1.681829	2.826767
1.682829	2.787872
1.683829	2.749453
1.684829	2.711529
1.685829	2.674121
1.686829	2.637248
1.687829	2.600931
1.688829	2.565188
1.689829	2.530037
1.690829	2.495495
1.691829	2.461580
1.692829	2.428308
1.693829	2.395695
1.694829	2.363755
1.695829	2.332504
1.696829	2.301953
1.697829	2.272117
1.698829	2.243007
1.699829	2.214635
1.700829	2.187011
1.701829	2.160145
1.702829	2.134046
1.703829	2.108721
1.704829	2.084179
1.705829	2.060424
1.706829	2.037463
1.707829	2.015301
1.708829	1.993941
1.709829	1.973387
1.710829	1.953641
1.711829	1.934705
1.712829	1.916579
1.713829	1.899264
1.714829	1.882759
1.715829	1.867064
1.716829	1.852176
1.717829	1.838093
1.718829	1.824812
1.719829	1.812328
1.720829	1.800638
1.721829	1.789737
1.722829	1.779618
1.723829	1.770276
1.724829	1.761704
1.725829	1.753895
1.726829	1.746840
1.727829	1.740533
1.728829	1.734962
1.729829	1.730120
1.730829	1.725996
1.731829	1.722580
1.732829	1.719862
1.733829	1.717830
1.734829	1.716472
1.735829	1.715776
1.736829	1.715731
1.737829	1.716322
1.738829	1.717538
1.739829	1.719364
1.740829	1.721786
1.741829	1.724790
1.742829	1.728362
1.743829	1.732487
1.744829	1.737150
1.745829	1.742335
1.746829	1.748026
1.747829	1.754208
1.748829	1.760864
1.749829	1.767979
1.750829	1.775535
1.751829	1.783515
1.752829	1.791904
1.753829	1.800683
1.754829	1.809836
1.755829	1.819344
1.756829	1.829191
1.757829	1.839359
1.758829	1.849830
1.759829	1.860586
1.760829	1.871609
1.761829	1.882882
1.762829	1.894387
1.763829	1.906105
1.764829	1.918018
1.765829	1.930109
1.766829	1.942359
1.767829	1.954751
1.768829	1.967266
1.769829	1.979887
1.770829	1.992596
1.771829	2.005375
1.772829	2.018207
1.773829	2.031074
1.774829	2.043958
1.775829	2.056843
1.776829	2.069712
1.777829	2.082546
1.778829	2.095331
1.779829	2.108049
1.780829	2.120683
1.781829	2.133219
1.782829	2.145639
1.783829	2.157929
1.784829	2.170072
1.785829	2.182054
1.786829	2.193861
1.787829	2.205476
1.788829	2.216888
1.789829	2.228081
1.790829	2.239042
1.791829	2.249757
1.792829	2.260216
1.793829	2.270404
1.794829	2.280309
1.795829	2.289922
1.796829	2.299229
1.797829	2.308221
1.798829	2.316888
1.799829	2.325219
1.800829	2.333205
1.801829	2.340838
1.802829	2.348110
1.803829	2.355012
1.804829	2.361538
1.805829	2.367680
1.806829	2.373433
1.807829	2.378792
1.808829	2.383751
1.809829	2.388306
1.810829	2.392454
1.811829	2.396191
1.812829	2.399514
1.813829	2.402421
1.814829	2.404911
1.815829	2.406982
1.816829	2.408634
1.817829	2.409866
1.818829	2.410680
1.819829	2.411075
1.820829	2.411053
1.821829	2.410616
1.822829	2.409765
1.823829	2.408504
1.824829	2.406835
1.825829	2.404761
1.826829	2.402287
1.827829	2.399416
1.828829	2.396153
1.829829	2.392504
1.830829	2.388472
1.831829	2.384065
1.832829	2.379287
1.833829	2.374145
1.834829	2.368646
1.835829	2.362796
1.836829	2.356603
1.837829	2.350075
1.838829	2.343218
1.839829	2.336042
1.840829	2.328553
1.841829	2.320762
1.842829	2.312676
1.843829	2.304305
1.844829	2.295659
1.845829	2.286745
1.846829	2.277574
1.847829	2.268157
1.848829	2.258502
1.849829	2.248621
1.850829	2.238523
1.851829	2.228218
1.852829	2.217719
1.853829	2.207035
1.854829	2.196177
1.855829	2.185156
1.856829	2.173984
1.857829	2.162672
1.858829	2.151230
1.859829	2.139671
1.860829	2.128005
1.861829	2.116245
1.862829	2.104401
1.863829	2.092485
1.864829	2.080509
1.865829	2.068485
1.866829	2.056423
1.867829	2.044336
1.868829	2.032236
1.869829	2.020132
1.870829	2.008038
1.871829	1.995965
1.872829	1.983923
1.873829	1.971925
1.874829	1.959981
1.875829	1.948103
1.876829	1.936302
1.877829	1.924588
1.878829	1.912973
1.879829	1.901468
1.880829	1.890082
1.881829	1.878827
1.882829	1.867713
1.883829	1.856749
1.884829	1.845946
1.885829	1.835314
1.886829	1.824862
1.887829	1.814599
1.888829	1.804534
1.889829	1.794678
1.890829	1.785037
1.891829	1.775622
1.892829	1.766439
1.893829	1.757497
1.894829	1.748803
1.895829	1.740366
1.896829	1.732191
1.897829	1.724286
1.898829	1.716658
1.899829	1.709311
1.900829	1.702253
1.901829	1.695489
1.902829	1.689023
1.903829	1.682861
1.904829	1.677007
1.905829	1.671464
1.906829	1.666237
1.907829	1.661329
1.908829	1.656743
1.909829	1.652480
1.910829	1.648544
1.911829	1.644935
1.912829	1.641654
1.913829	1.638702
1.914829	1.636080
1.915829	1.633786
1.916829	1.631822
1.917829	1.630184
1.918829	1.628873
1.919829	1.627887
1.920829	1.627222
1.921829	1.626878
1.922829	1.626850
1.923829	1.627136
1.924829	1.627732
1.925829	1.628635
1.926829	1.629839
1.927829	1.631342
1.928829	1.633137
1.929829	1.635220
1.930829	1.637585
1.931829	1.640226
1.932829	1.643139
1.933829	1.646316
1.934829	1.649751
1.935829	1.653437
1.936829	1.657367
1.937829	1.661535
1.938829	1.665933
1.939829	1.670552
1.940829	1.675386
1.941829	1.680426
1.942829	1.685664
1.943829	1.691092
1.944829	1.696701
1.945829	1.702482
1.946829	1.708427
1.947829	1.714526
1.948829	1.720770
1.949829	1.727150
1.950829	1.733656
1.951829	1.740279
1.952829	1.747010
1.953829	1.753838
1.954829	1.760753
1.955829	1.767746
1.956829	1.774807
1.957829	1.781926
1.958829	1.789091
1.959829	1.796294
1.960829	1.803524
1.961829	1.810771
1.962829	1.818024
1.963829	1.825273
1.964829	1.832508
1.965829	1.839718
1.966829	1.846894
1.967829	1.854025
1.968829	1.861100
1.969829	1.868110
1.970829	1.875044
1.971829	1.881892
1.972829	1.888644
1.973829	1.895290
1.974829	1.901820
1.975829	1.908224
1.976829	1.914493
1.977829	1.920616
1.978829	1.926584
1.979829	1.932389
1.980829	1.938019
1.981829	1.943467
1.982829	1.948723
1.983829	1.953778
1.984829	1.958624
1.985829	1.963252
1.986829	1.967653
1.987829	1.971819
1.988829	1.975743
1.989829	1.979416
1.990829	1.982831
1.991829	1.985980
1.992829	1.988856
1.993829	1.991452
1.994829	1.993762
1.995829	1.995779
1.996829	1.997496
1.997829	1.998908
1.998829	2.000009
1.999829	2.000794
2.000829	2.001258
2.001829	2.001395
2.002829	2.001201
2.003829	2.000672
2.004829	1.999805
2.005829	1.998595
2.006829	1.997039
2.007829	1.995135
2.008829	1.992879
2.009829	1.990271
2.010829	1.987307
2.011829	1.983987
2.012829	1.980310
2.013829	1.976275
2.014829	1.971881
2.015829	1.967129
2.016829	1.962020
2.017829	1.956555
2.018829	1.950734
2.019829	1.944560
2.020829	1.938035
2.021829	1.931162
2.022829	1.923943
2.023829	1.916381
2.024829	1.908481
2.025829	1.900246
2.026829	1.891681
2.027829	1.882790
2.028829	1.873577
2.029829	1.864049
2.030829	1.854211
2.031829	1.844068
2.032829	1.833626
2.033829	1.822893
2.034829	1.811875
2.035829	1.800578
2.036829	1.789010
2.037829	1.777178
2.038829	1.765089
2.039829	1.752753
2.040829	1.740176
2.041829	1.727367
2.042829	1.714335
2.043829	1.701088
2.044829	1.687635
2.045829	1.673986
2.046829	1.660149
2.047829	1.646134
2.048829	1.631950
2.049829	1.617607
2.050829	1.603116
2.051829	1.588485
2.052829	1.573726
2.053829	1.558848
2.054829	1.543862
2.055829	1.528778
2.056829	1.513607
2.057829	1.498359
2.058829	1.483046
2.059829	1.467677
2.060829	1.452264
2.061829	1.436818
2.062829	1.421349
2.063829	1.405868
2.064829	1.390388
2.065829	1.374918
2.066829	1.359469
2.067829	1.344054
2.068829	1.328682
2.069829	1.313365
2.070829	1.298113
2.071829	1.282939
2.072829	1.267853
2.073829	1.252865
2.074829	1.237987
2.075829	1.223230
2.076829	1.208604
2.077829	1.194120
2.078829	1.179788
2.079829	1.165620
2.080829	1.151625
2.081829	1.137815
2.082829	1.124198
2.083829	1.110786
2.084829	1.097587
2.085829	1.084613
2.086829	1.071873
2.087829	1.059376
2.088829	1.047132
2.089829	1.035150
2.090829	1.023438
2.091829	1.012007
2.092829	1.000864
2.093829	0.990017
2.094829	0.979477
2.095829	0.969249
2.096829	0.959343
2.097829	0.949765
2.098829	0.940523
2.099829	0.931625
2.100829	0.923077
2.101829	0.914885
2.102829	0.907057
2.103829	0.899597
2.104829	0.892513
2.105829	0.885808
2.106829	0.879489
2.107829	0.873561
2.108829	0.868027
2.109829	0.862893
2.110829	0.858162
2.111829	0.853837
2.112829	0.849922
2.113829	0.846420
2.114829	0.843332
2.115829	0.840662
2.116829	0.838411
2.117829	0.836580
2.118829	0.835171
2.119829	0.834183
2.120829	0.833617
2.121829	0.833473
2.122829	0.833750
2.123829	0.834447
2.124829	0.835562
2.125829	0.837094
2.126829	0.839041
2.127829	0.841401
2.128829	0.844169
2.129829	0.847344
2.130829	0.850921
2.131829	0.854897
2.132829	0.859268
2.133829	0.864030
2.134829	0.869177
2.135829	0.874704
2.136829	0.880607
2.137829	0.886879
2.138829	0.893515
2.139829	0.900509
2.140829	0.907854
2.141829	0.915543
2.142829	0.923571
2.143829	0.931928
2.144829	0.940610
2.145829	0.949606
2.146829	0.958911
2.147829	0.968516
2.148829	0.978412
2.149829	0.988592
2.150829	0.999047
2.151829	1.009768
2.152829	1.020746
2.153829	1.031972
2.154829	1.043438
2.155829	1.055133
2.156829	1.067048
2.157829	1.079174
2.158829	1.091501
2.159829	1.104019
2.160829	1.116718
2.161829	1.129588
2.162829	1.142619
2.163829	1.155800
2.164829	1.169122
2.165829	1.182574
2.166829	1.196145
2.167829	1.209826
2.168829	1.223604
2.169829	1.237471
2.170829	1.251415
2.171829	1.265425
2.172829	1.279491
2.173829	1.293603
2.174829	1.307749
2.175829	1.321918
2.176829	1.336101
2.177829	1.350287
2.178829	1.364464
2.179829	1.378623
2.180829	1.392752
2.181829	1.406842
2.182829	1.420881
2.183829	1.434860
2.184829	1.448767
2.185829	1.462594
2.186829	1.476329
2.187829	1.489962
2.188829	1.503485
2.189829	1.516886
2.190829	1.530155
2.191829	1.543285
2.192829	1.556264
2.193829	1.569083
2.194829	1.581734
2.195829	1.594207
2.196829	1.606493
2.197829	1.618584
2.198829	1.630471
2.199829	1.642145
2.200829	1.653599
2.201829	1.664824
2.202829	1.675813
2.203829	1.686558
2.204829	1.697051
2.205829	1.707286
2.206829	1.717256
2.207829	1.726953
2.208829	1.736372
2.209829	1.745506
2.210829	1.754349
2.211829	1.762896
2.212829	1.771142
2.213829	1.779081
2.214829	1.786708
2.215829	1.794019
2.216829	1.801010
2.217829	1.807678
2.218829	1.814017
2.219829	1.820026
2.220829	1.825701
2.221829	1.831040
2.222829	1.836041
2.223829	1.840701
2.224829	1.845020
2.225829	1.848996
2.226829	1.852628
2.227829	1.855917
2.228829	1.858861
2.229829	1.861462
2.230829	1.863719
2.231829	1.865634
2.232829	1.867208
2.233829	1.868442
2.234829	1.869338
2.235829	1.869899
2.236829	1.870126
2.237829	1.870022
2.238829	1.869591
2.239829	1.868835
2.240829	1.867758
2.241829	1.866363
2.242829	1.864655
2.243829	1.862637
2.244829	1.860315
2.245829	1.857692
2.246829	1.854774
2.247829	1.851566
2.248829	1.848073
2.249829	1.844300
2.250829	1.840254
2.251829	1.835940
2.252829	1.831365
2.253829	1.826534
2.254829	1.821454
2.255829	1.816132
2.256829	1.810574
2.257829	1.804788
2.258829	1.798780
2.259829	1.792557
2.260829	1.786128
2.261829	1.779499
2.262829	1.772679
2.263829	1.765674
2.264829	1.758493
2.265829	1.751143
2.266829	1.743633
2.267829	1.735971
2.268829	1.728165
2.269829	1.720223
2.270829	1.712154
2.271829	1.703966
2.272829	1.695667
2.273829	1.687267
2.274829	1.678773
2.275829	1.670195
2.276829	1.661540
2.277829	1.652818
2.278829	1.644038
2.279829	1.635208
2.280829	1.626337
2.281829	1.617434
2.282829	1.608507
2.283829	1.599565
2.284829	1.590617
2.285829	1.581672
2.286829	1.572738
2.287829	1.563824
2.288829	1.554939
2.289829	1.546090
2.290829	1.537288
2.291829	1.528539
2.292829	1.519853
2.293829	1.511238
2.294829	1.502702
2.295829	1.494254
2.296829	1.485900
2.297829	1.477650
2.298829	1.469511
2.299829	1.461490
2.300829	1.453597
2.301829	1.445837
2.302829	1.438219
2.303829	1.430750
2.304829	1.423436
2.305829	1.416286
2.306829	1.409305
2.307829	1.402500
2.308829	1.395878
2.309829	1.389446
2.310829	1.383209
2.311829	1.377173
2.312829	1.371344
2.313829	1.365728
2.314829	1.360330
2.315829	1.355156
2.316829	1.350209
2.317829	1.345496
2.318829	1.341020
2.319829	1.336786
2.320829	1.332798
2.321829	1.329059
2.322829	1.325574
2.323829	1.322345
2.324829	1.319375
2.325829	1.316668
2.326829	1.314226
2.327829	1.312050
2.328829	1.310143
2.329829	1.308507
2.330829	1.307142
2.331829	1.306050
2.332829	1.305232
2.333829	1.304688
2.334829	1.304419
2.335829	1.304424
2.336829	1.304703
2.337829	1.305257
2.338829	1.306083
2.339829	1.307182
2.340829	1.308551
2.341829	1.310191
2.342829	1.312098
2.343829	1.314272
2.344829	1.316709
2.345829	1.319409
2.346829	1.322368
2.347829	1.325584
2.348829	1.329054
2.349829	1.332775
2.350829	1.336744
2.351829	1.340957
2.352829	1.345412
2.353829	1.350103
2.354829	1.355027
2.355829	1.360181
2.356829	1.365560
2.357829	1.371159
2.358829	1.376974
2.359829	1.383001
2.360829	1.389235
2.361829	1.395671
2.362829	1.402303
2.363829	1.409127
2.364829	1.416138
2.365829	1.423329
2.366829	1.430696
2.367829	1.438233
2.368829	1.445934
2.369829	1.453794
2.370829	1.461807
2.371829	1.469966
2.372829	1.478265
2.373829	1.486700
2.374829	1.495262
2.375829	1.503947
2.376829	1.512748
2.377829	1.521658
2.378829	1.530671
2.379829	1.539781
2.380829	1.548982
2.381829	1.558265
2.382829	1.567626
2.383829	1.577058
2.384829	1.586553
2.385829	1.596106
2.386829	1.605709
2.387829	1.615357
2.388829	1.625042
2.389829	1.634757
2.390829	1.644497
2.391829	1.654254
2.392829	1.664022
2.393829	1.673795
2.394829	1.683565
2.395829	1.693326
2.396829	1.703072
2.397829	1.712797
2.398829	1.722493
2.399829	1.732154
2.400829	1.741775
2.401829	1.751349
2.402829	1.760870
2.403829	1.770331
2.404829	1.779726
2.405829	1.789051
2.406829	1.798298
2.407829	1.807462
2.408829	1.816537
2.409829	1.825517
2.410829	1.834398
2.411829	1.843174
2.412829	1.851839
2.413829	1.860388
2.414829	1.868816
2.415829	1.877118
2.416829	1.885290
2.417829	1.893326
2.418829	1.901223
2.419829	1.908975
2.420829	1.916579
2.421829	1.924030
2.422829	1.931325
2.423829	1.938460
2.424829	1.945431
2.425829	1.952234
2.426829	1.958867
2.427829	1.965327
2.428829	1.971609
2.429829	1.977713
2.430829	1.983635
2.431829	1.989373
2.432829	1.994925
2.433829	2.000289
2.434829	2.005463
2.435829	2.010446
2.436829	2.015236
2.437829	2.019833
2.438829	2.024235
2.439829	2.028442
2.440829	2.032453
2.441829	2.036268
2.442829	2.039886
2.443829	2.043307
2.444829	2.046532
2.445829	2.049561
2.446829	2.052393
2.447829	2.055031
2.448829	2.057474
2.449829	2.059723
2.450829	2.061779
2.451829	2.063644
2.452829	2.065319
2.453829	2.066805
2.454829	2.068103
2.455829	2.069217
2.456829	2.070146
2.457829	2.070894
2.458829	2.071462
2.459829	2.071853
2.460829	2.072068
2.461829	2.072111
2.462829	2.071983
2.463829	2.071688
2.464829	2.071229
2.465829	2.070607
2.466829	2.069826
2.467829	2.068888
2.468829	2.067798
2.469829	2.066558
2.470829	2.065172
2.471829	2.063642
2.472829	2.061972
2.473829	2.060167
2.474829	2.058228
2.475829	2.056160
2.476829	2.053967
2.477829	2.051653
2.478829	2.049220
2.479829	2.046673
2.480829	2.044017
2.481829	2.041254
2.482829	2.038389
2.483829	2.035426
2.484829	2.032369
2.485829	2.029222
2.486829	2.025990
2.487829	2.022675
2.488829	2.019284
2.489829	2.015819
2.490829	2.012285
2.491829	2.008687
2.492829	2.005028
2.493829	2.001313
2.494829	1.997546
2.495829	1.993732
2.496829	1.989874
2.497829	1.985977
2.498829	1.982045
2.499829	1.978082
2.500829	1.974094
2.501829	1.970083
2.502829	1.966054
2.503829	1.962012
2.504829	1.957959
2.505829	1.953902
2.506829	1.949843
2.507829	1.945786
2.508829	1.941737
2.509829	1.937697
2.510829	1.933673
2.511829	1.929666
2.512829	1.925682
2.513829	1.921724
2.514829	1.917796
2.515829	1.913901
2.516829	1.910042
2.517829	1.906224
2.518829	1.902450
2.519829	1.898723
2.520829	1.895046
2.521829	1.891423
2.522829	1.887857
2.523829	1.884351
2.524829	1.880907
2.525829	1.877529
2.526829	1.874219
2.527829	1.870979
2.528829	1.867814
2.529829	1.864724
2.530829	1.861712
2.531829	1.858781
2.532829	1.855932
2.533829	1.853168
2.534829	1.850490
2.535829	1.847900
2.536829	1.845400
2.537829	1.842990
2.538829	1.840673
2.539829	1.838450
2.540829	1.836321
2.541829	1.834288
2.542829	1.832352
2.543829	1.830512
2.544829	1.828771
2.545829	1.827128
2.546829	1.825584
2.547829	1.824139
2.548829	1.822793
2.549829	1.821547
2.550829	1.820400
2.551829	1.819352
2.552829	1.818404
2.553829	1.817554
2.554829	1.816802
2.555829	1.816149
2.556829	1.815593
2.557829	1.815133
2.558829	1.814769
2.559829	1.814500
2.560829	1.814326
2.561829	1.814244
2.562829	1.814255
2.563829	1.814356
2.564829	1.814547
2.565829	1.814827
2.566829	1.815194
2.567829	1.815646
2.568829	1.816182
2.569829	1.816801
2.570829	1.817501
2.571829	1.818280
2.572829	1.819136
2.573829	1.820068
2.574829	1.821074
2.575829	1.822153
2.576829	1.823301
2.577829	1.824517
2.578829	1.825799
2.579829	1.827145
2.580829	1.828553
2.581829	1.830020
2.582829	1.831545
2.583829	1.833125
2.584829	1.834758
2.585829	1.836441
2.586829	1.838173
2.587829	1.839950
2.588829	1.841771
2.589829	1.843634
2.590829	1.845534
2.591829	1.847472
2.592829	1.849442
2.593829	1.851444
2.594829	1.853475
2.595829	1.855532
2.596829	1.857613
2.597829	1.859715
2.598829	1.861836
2.599829	1.863973
2.600829	1.866124
2.601829	1.868285
2.602829	1.870455
2.603829	1.872631
2.604829	1.874811
2.605829	1.876991
2.606829	1.879170
2.607829	1.881345
2.608829	1.883514
2.609829	1.885673
2.610829	1.887821
2.611829	1.889956
2.612829	1.892074
2.613829	1.894173
2.614829	1.896251
2.615829	1.898306
2.616829	1.900336
2.617829	1.902338
2.618829	1.904309
2.619829	1.906249
2.620829	1.908153
2.621829	1.910022
2.622829	1.911852
2.623829	1.913641
2.624829	1.915387
2.625829	1.917089
2.626829	1.918745
2.627829	1.920353
2.628829	1.921910
2.629829	1.923416
2.630829	1.924868
2.631829	1.926265
2.632829	1.927606
2.633829	1.928889
2.634829	1.930113
2.635829	1.931275
2.636829	1.932376
2.637829	1.933414
2.638829	1.934387
2.639829	1.935295
2.640829	1.936137
2.641829	1.936911
2.642829	1.937617
2.643829	1.938255
2.644829	1.938823
2.645829	1.939322
2.646829	1.939749
2.647829	1.940106
2.648829	1.940391
2.649829	1.940605
2.650829	1.940747
2.651829	1.940817
2.652829	1.940814
2.653829	1.940739
2.654829	1.940592
2.655829	1.940373
2.656829	1.940082
2.657829	1.939719
2.658829	1.939285
2.659829	1.938779
2.660829	1.938202
2.661829	1.937555
2.662829	1.936838
2.663829	1.936052
2.664829	1.935197
2.665829	1.934273
2.666829	1.933282
2.667829	1.932224
2.668829	1.931100
2.669829	1.929911
2.670829	1.928658
2.671829	1.927341
2.672829	1.925962
2.673829	1.924522
2.674829	1.923021
2.675829	1.921460
2.676829	1.919842
2.677829	1.918166
2.678829	1.916435
2.679829	1.914649
2.680829	1.912810
2.681829	1.910919
2.682829	1.908977
2.683829	1.906986
2.684829	1.904947
2.685829	1.902861
2.686829	1.900731
2.687829	1.898557
2.688829	1.896340
2.689829	1.894084
2.690829	1.891788
2.691829	1.889454
2.692829	1.887085
2.693829	1.884682
2.694829	1.882246
2.695829	1.879779
2.696829	1.877283
2.697829	1.874760
2.698829	1.872210
2.699829	1.869636
2.700829	1.867040
2.701829	1.864423
2.702829	1.861787
2.703829	1.859134
2.704829	1.856466
2.705829	1.853784
2.706829	1.851089
2.707829	1.848385
2.708829	1.845673
2.709829	1.842953
2.710829	1.840229
2.711829	1.837502
2.712829	1.834774
2.713829	1.832046
2.714829	1.829321
2.715829	1.826600
2.716829	1.823885
2.717829	1.821177
2.718829	1.818479
2.719829	1.815792
2.720829	1.813117
2.721829	1.810458
2.722829	1.807815
2.723829	1.805190
2.724829	1.802584
2.725829	1.800000
2.726829	1.797439
2.727829	1.794903
2.728829	1.792393
2.729829	1.789911
2.730829	1.787459
2.731829	1.785037
2.732829	1.782648
2.733829	1.780294
2.734829	1.777975
2.735829	1.775693
2.736829	1.773449
2.737829	1.771245
2.738829	1.769083
2.739829	1.766963
2.740829	1.764888
2.741829	1.762857
2.742829	1.760873
2.743829	1.758936
2.744829	1.757049
2.745829	1.755211
2.746829	1.753425
2.747829	1.751690
2.748829	1.750009
2.749829	1.748382
2.750829	1.746810
2.751829	1.745294
2.752829	1.743835
2.753829	1.742434
2.754829	1.741092
2.755829	1.739809
2.756829	1.738586
2.757829	1.737425
2.758829	1.736324
2.759829	1.735286
2.760829	1.734311
2.761829	1.733400
2.762829	1.732552
2.763829	1.731769
2.764829	1.731051
2.765829	1.730399
2.766829	1.729812
2.767829	1.729292
2.768829	1.728839
2.769829	1.728452
2.770829	1.728133
2.771829	1.727882
2.772829	1.727699
2.773829	1.727583
2.774829	1.727536
2.775829	1.727558
2.776829	1.727648
2.777829	1.727806
2.778829	1.728034
2.779829	1.728330
2.780829	1.728695
2.781829	1.729129
2.782829	1.729632
2.783829	1.730203
2.784829	1.730843
2.785829	1.731552
2.786829	1.732328
2.787829	1.733173
2.788829	1.734086
2.789829	1.735067
2.790829	1.736115
2.791829	1.737230
2.792829	1.738412
2.793829	1.739661
2.794829	1.740976
2.795829	1.742356
2.796829	1.743802
2.797829	1.745313
2.798829	1.746889
2.799829	1.748529
2.800829	1.750232
2.801829	1.751998
2.802829	1.753826
2.803829	1.755717
2.804829	1.757668
2.805829	1.759681
2.806829	1.761753
2.807829	1.763885
2.808829	1.766075
2.809829	1.768324
2.810829	1.770629
2.811829	1.772991
2.812829	1.775409
2.813829	1.777882
2.814829	1.780409
2.815829	1.782989
2.816829	1.785621
2.817829	1.788305
2.818829	1.791040
2.819829	1.793824
2.820829	1.796657
2.821829	1.799539
2.822829	1.802466
2.823829	1.805440
2.824829	1.808459
2.825829	1.811522
2.826829	1.814627
2.827829	1.817774
2.828829	1.820962
2.829829	1.824189
2.830829	1.827455
2.831829	1.830759
2.832829	1.834098
2.833829	1.837472
2.834829	1.840881
2.835829	1.844322
2.836829	1.847794
2.837829	1.851297
2.838829	1.854828
2.839829	1.858387
2.840829	1.861973
2.841829	1.865584
2.842829	1.869219
2.843829	1.872876
2.844829	1.876555
2.845829	1.880253
2.846829	1.883970
2.847829	1.887704
2.848829	1.891454
2.849829	1.895218
2.850829	1.898995
2.851829	1.902784
2.852829	1.906583
2.853829	1.910390
2.854829	1.914205
2.855829	1.918026
2.856829	1.921851
2.857829	1.925678
2.858829	1.929508
2.859829	1.933337
2.860829	1.937164
2.861829	1.940988
2.862829	1.944808
2.863829	1.948622
2.864829	1.952428
2.865829	1.956225
2.866829	1.960012
2.867829	1.963786
2.868829	1.967547
2.869829	1.971293
2.870829	1.975022
2.871829	1.978733
2.872829	1.982425
2.873829	1.986096
2.874829	1.989744
2.875829	1.993368
2.876829	1.996966
2.877829	2.000538
2.878829	2.004081
2.879829	2.007595
2.880829	2.011077
2.881829	2.014527
2.882829	2.017942
2.883829	2.021322
2.884829	2.024665
2.885829	2.027970
2.886829	2.031235
2.887829	2.034459
2.888829	2.037640
2.889829	2.040778
2.890829	2.043871
2.891829	2.046918
2.892829	2.049917
2.893829	2.052867
2.894829	2.055767
2.895829	2.058615
2.896829	2.061412
2.897829	2.064154
2.898829	2.066842
2.899829	2.069474
2.900829	2.072048
2.901829	2.074564
2.902829	2.077022
2.903829	2.079418
2.904829	2.081754
2.905829	2.084027
2.906829	2.086237
2.907829	2.088382
2.908829	2.090463
2.909829	2.092477
2.910829	2.094425
2.911829	2.096305
2.912829	2.098116
2.913829	2.099859
2.914829	2.101531
2.915829	2.103132
2.916829	2.104663
2.917829	2.106121
2.918829	2.107507
2.919829	2.108820
2.920829	2.110059
2.921829	2.111224
2.922829	2.112315
2.923829	2.113330
2.924829	2.114271
2.925829	2.115135
2.926829	2.115924
2.927829	2.116637
2.928829	2.117274
2.929829	2.117834
2.930829	2.118317
2.931829	2.118724
2.932829	2.119054
2.933829	2.119307
2.934829	2.119484
2.935829	2.119584
2.936829	2.119608
2.937829	2.119556
2.938829	2.119428
2.939829	2.119224
2.940829	2.118945
2.941829	2.118591
2.942829	2.118163
2.943829	2.117662
2.944829	2.117087
2.945829	2.116439
2.946829	2.115719
2.947829	2.114928
2.948829	2.114067
2.949829	2.113136
2.950829	2.112137
2.951829	2.111069
2.952829	2.109935
2.953829	2.108736
2.954829	2.107471
2.955829	2.106144
2.956829	2.104754
2.957829	2.103304
2.958829	2.101794
2.959829	2.100226
2.960829	2.098601
2.961829	2.096921
2.962829	2.095188
2.963829	2.093402
2.964829	2.091566
2.965829	2.089682
2.966829	2.087750
2.967829	2.085773
2.968829	2.083752
2.969829	2.081690
2.970829	2.079588
2.971829	2.077448
2.972829	2.075271
2.973829	2.073061
2.974829	2.070818
2.975829	2.068546
2.976829	2.066245
2.977829	2.063918
2.978829	2.061567
2.979829	2.059194
2.980829	2.056801
2.981829	2.054390
2.982829	2.051964
2.983829	2.049525
2.984829	2.047074
2.985829	2.044615
2.986829	2.042148
2.987829	2.039678
2.988829	2.037204
2.989829	2.034731
2.990829	2.032260
2.991829	2.029793
2.992829	2.027333
2.993829	2.024882
2.994829	2.022442
2.995829	2.020015
2.996829	2.017604
2.997829	2.015211
2.998829	2.012839
2.999829	2.010488
3.000829	2.008162
3.001829	2.005864
3.002829	2.003594
3.003829	2.001355
3.004829	1.999150
3.005829	1.996981
3.006829	1.994850
3.007829	1.992758
3.008829	1.990709
3.009829	1.988703
3.010829	1.986744
3.011829	1.984834
3.012829	1.982974
3.013829	1.981166
3.014829	1.979412
3.015829	1.977715
3.016829	1.976076
3.017829	1.974498
3.018829	1.972981
3.019829	1.971528
3.020829	1.970141
3.021829	1.968822
3.022829	1.967571
3.023829	1.966391
3.024829	1.965284
3.025829	1.964251
3.026829	1.963294
3.027829	1.962413
3.028829	1.961612
3.029829	1.960890
3.030829	1.960250
3.031829	1.959692
3.032829	1.959218
3.033829	1.958830
3.034829	1.958528
3.035829	1.958314
3.036829	1.958188
3.037829	1.958151
3.038829	1.958205
3.039829	1.958350
3.040829	1.958587
3.041829	1.958918
3.042829	1.959341
3.043829	1.959859
3.044829	1.960472
3.045829	1.961179
3.046829	1.961983
3.047829	1.962882
3.048829	1.963877
3.049829	1.964968
3.050829	1.966156
3.051829	1.967440
3.052829	1.968821
3.053829	1.970298
3.054829	1.971871
3.055829	1.973539
3.056829	1.975303
3.057829	1.977162
3.058829	1.979115
3.059829	1.981161
3.060829	1.983301
3.061829	1.985532
3.062829	1.987855
3.063829	1.990268
3.064829	1.992770
3.065829	1.995361
3.066829	1.998039
3.067829	2.000802
3.068829	2.003650
3.069829	2.006581
3.070829	2.009593
3.071829	2.012686
3.072829	2.015857
3.073829	2.019105
3.074829	2.022429
3.075829	2.025826
3.076829	2.029295
3.077829	2.032834
3.078829	2.036442
3.079829	2.040115
3.080829	2.043852
3.081829	2.047652
3.082829	2.051512
3.083829	2.055429
3.084829	2.059403
3.085829	2.063430
3.086829	2.067509
3.087829	2.071636
3.088829	2.075811
3.089829	2.080029
3.090829	2.084290
3.091829	2.088591
3.092829	2.092929
3.093829	2.097302
3.094829	2.101707
3.095829	2.106141
3.096829	2.110604
3.097829	2.115090
3.098829	2.119599
3.099829	2.124128
3.100829	2.128674
3.101829	2.133234
3.102829	2.137806
3.103829	2.142386
3.104829	2.146974
3.105829	2.151565
3.106829	2.156158
3.107829	2.160748
3.108829	2.165335
3.109829	2.169915
3.110829	2.174486
3.111829	2.179044
3.112829	2.183588
3.113829	2.188114
3.114829	2.192620
3.115829	2.197104
3.116829	2.201562
3.117829	2.205992
3.118829	2.210392
3.119829	2.214758
3.120829	2.219089
3.121829	2.223382
3.122829	2.227634
3.123829	2.231842
3.124829	2.236005
3.125829	2.240120
3.126829	2.244184
3.127829	2.248195
3.128829	2.252151
3.129829	2.256049
3.130829	2.259887
3.131829	2.263662
3.132829	2.267374
3.133829	2.271018
3.134829	2.274594
3.135829	2.278098
3.136829	2.281530
3.137829	2.284886
3.138829	2.288165
3.139829	2.291366
3.140829	2.294485
3.141829	2.297522
3.142829	2.300474
3.143829	2.303340
3.144829	2.306118
3.145829	2.308807
3.146829	2.311404
3.147829	2.313909
3.148829	2.316320
3.149829	2.318636
3.150829	2.320855
3.151829	2.322976
3.152829	2.324998
3.153829	2.326920
3.154829	2.328741
3.155829	2.330460
3.156829	2.332076
3.157829	2.333588
3.158829	2.334995
3.159829	2.336297
3.160829	2.337494
3.161829	2.338585
3.162829	2.339569
3.163829	2.340446
3.164829	2.341216
3.165829	2.341879
3.166829	2.342435
3.167829	2.342883
3.168829	2.343224
3.169829	2.343458
3.170829	2.343585
3.171829	2.343606
3.172829	2.343520
3.173829	2.343329
3.174829	2.343032
3.175829	2.342630
3.176829	2.342124
3.177829	2.341515
3.178829	2.340803
3.179829	2.339989
3.180829	2.339073
3.181829	2.338058
3.182829	2.336943
3.183829	2.335730
3.184829	2.334420
3.185829	2.333014
3.186829	2.331514
3.187829	2.329919
3.188829	2.328232
3.189829	2.326455
3.190829	2.324587
3.191829	2.322632
3.192829	2.320590
3.193829	2.318462
3.194829	2.316251
3.195829	2.313957
3.196829	2.311584
3.197829	2.309131
3.198829	2.306601
3.199829	2.303996
3.200829	2.301317
3.201829	2.298566
3.202829	2.295745
3.203829	2.292856
3.204829	2.289901
3.205829	2.286881
3.206829	2.283799
3.207829	2.280657
3.208829	2.277455
3.209829	2.274198
3.210829	2.270885
3.211829	2.267521
3.212829	2.264106
3.213829	2.260642
3.214829	2.257133
3.215829	2.253579
3.216829	2.249984
3.217829	2.246348
3.218829	2.242675
3.219829	2.238966
3.220829	2.235224
3.221829	2.231451
3.222829	2.227648
3.223829	2.223819
3.224829	2.219965
3.225829	2.216089
3.226829	2.212192
3.227829	2.208277
3.228829	2.204346
3.229829	2.200402
3.230829	2.196446
3.231829	2.192480
3.232829	2.188508
3.233829	2.184530
3.234829	2.180549
3.235829	2.176567
3.236829	2.172587
3.237829	2.168610
3.238829	2.164638
3.239829	2.160675
3.240829	2.156720
3.241829	2.152778
3.242829	2.148849
3.243829	2.144936
3.244829	2.141040
3.245829	2.137164
3.246829	2.133310
3.247829	2.129479
3.248829	2.125674
3.249829	2.121896
3.250829	2.118146
3.251829	2.114428
3.252829	2.110742
3.253829	2.107091
3.254829	2.103475
3.255829	2.099897
3.256829	2.096359
3.257829	2.092861
3.258829	2.089405
3.259829	2.085994
3.260829	2.082627
3.261829	2.079308
3.262829	2.076037
3.263829	2.072815
3.264829	2.069643
3.265829	2.066524
3.266829	2.063457
3.267829	2.060445
3.268829	2.057489
3.269829	2.054588
3.270829	2.051745
3.271829	2.048960
3.272829	2.046235
3.273829	2.043569
3.274829	2.040964
3.275829	2.038421
3.276829	2.035940
3.277829	2.033523
3.278829	2.031169
3.279829	2.028879
3.280829	2.026654
3.281829	2.024495
3.282829	2.022401
3.283829	2.020374
3.284829	2.018413
3.285829	2.016520
3.286829	2.014694
3.287829	2.012935
3.288829	2.011245
3.289829	2.009623
3.290829	2.008069
3.291829	2.006584
3.292829	2.005167
3.293829	2.003819
3.294829	2.002540
3.295829	2.001330
3.296829	2.000189
3.297829	1.999116
3.298829	1.998112
3.299829	1.997177
3.300829	1.996310
3.301829	1.995511
3.302829	1.994780
3.303829	1.994118
3.304829	1.993523
3.305829	1.992995
3.306829	1.992534
3.307829	1.992140
3.308829	1.991812
3.309829	1.991550
3.310829	1.991353
3.311829	1.991222
3.312829	1.991155
3.313829	1.991153
3.314829	1.991214
3.315829	1.991338
3.316829	1.991524
3.317829	1.991773
3.318829	1.992083
3.319829	1.992454
3.320829	1.992885
3.321829	1.993375
3.322829	1.993924
3.323829	1.994531
3.324829	1.995196
3.325829	1.995917
3.326829	1.996695
3.327829	1.997527
3.328829	1.998414
3.329829	1.999355
3.330829	2.000348
3.331829	2.001393
3.332829	2.002490
3.333829	2.003636
3.334829	2.004832
3.335829	2.006077
3.336829	2.007370
3.337829	2.008709
3.338829	2.010094
3.339829	2.011524
3.340829	2.012998
3.341829	2.014515
3.342829	2.016075
3.343829	2.017675
3.344829	2.019316
3.345829	2.020996
3.346829	2.022715
3.347829	2.024470
3.348829	2.026263
3.349829	2.028090
3.350829	2.029952
3.351829	2.031847
3.352829	2.033775
3.353829	2.035734
3.354829	2.037723
3.355829	2.039741
3.356829	2.041788
3.357829	2.043863
3.358829	2.045963
3.359829	2.048089
3.360829	2.050239
3.361829	2.052412
3.362829	2.054608
3.363829	2.056825
3.364829	2.059062
3.365829	2.061318
3.366829	2.063593
3.367829	2.065884
3.368829	2.068192
3.369829	2.070516
3.370829	2.072853
3.371829	2.075204
3.372829	2.077567
3.373829	2.079942
3.374829	2.082327
3.375829	2.084721
3.376829	2.087124
3.377829	2.089535
3.378829	2.091952
3.379829	2.094375
3.380829	2.096803
3.381829	2.099234
3.382829	2.101669
3.383829	2.104105
3.384829	2.106543
3.385829	2.108981
3.386829	2.111419
3.387829	2.113855
3.388829	2.116288
3.389829	2.118719
3.390829	2.121145
3.391829	2.123566
3.392829	2.125982
3.393829	2.128391
3.394829	2.130792
3.395829	2.133186
3.396829	2.135570
3.397829	2.137945
3.398829	2.140309
3.399829	2.142661
3.400829	2.145001
3.401829	2.147329
3.402829	2.149642
3.403829	2.151941
3.404829	2.154225
3.405829	2.156493
3.406829	2.158744
3.407829	2.160978
3.408829	2.163194
3.409829	2.165391
3.410829	2.167568
3.411829	2.169725
3.412829	2.171862
3.413829	2.173977
3.414829	2.176070
3.415829	2.178140
3.416829	2.180186
3.417829	2.182209
3.418829	2.184207
3.419829	2.186180
3.420829	2.188127
3.421829	2.190047
3.422829	2.191941
3.423829	2.193807
3.424829	2.195644
3.425829	2.197454
3.426829	2.199234
3.427829	2.200984
3.428829	2.202705
3.429829	2.204394
3.430829	2.206053
3.431829	2.207680
3.432829	2.209274
3.433829	2.210837
3.434829	2.212366
3.435829	2.213862
3.436829	2.215325
3.437829	2.216753
3.438829	2.218146
3.439829	2.219505
3.440829	2.220828
3.441829	2.222116
3.442829	2.223368
3.443829	2.224583
3.444829	2.225762
3.445829	2.226904
3.446829	2.228009
3.447829	2.229076
3.448829	2.230106
3.449829	2.231097
3.450829	2.232051
3.451829	2.232966
3.452829	2.233842
3.453829	2.234680
3.454829	2.235478
3.455829	2.236238
3.456829	2.236958
3.457829	2.237639
3.458829	2.238280
3.459829	2.238882
3.460829	2.239443
3.461829	2.239966
3.462829	2.240448
3.463829	2.240890
3.464829	2.241292
3.465829	2.241655
3.466829	2.241977
3.467829	2.242259
3.468829	2.242502
3.469829	2.242704
3.470829	2.242867
3.471829	2.242990
3.472829	2.243073
3.473829	2.243117
3.474829	2.243121
3.475829	2.243086
3.476829	2.243012
3.477829	2.242899
3.478829	2.242747
3.479829	2.242557
3.480829	2.242328
3.481829	2.242061
3.482829	2.241756
3.483829	2.241413
3.484829	2.241033
3.485829	2.240616
3.486829	2.240162
3.487829	2.239671
3.488829	2.239144
3.489829	2.238581
3.490829	2.237983
3.491829	2.237349
3.492829	2.236681
3.493829	2.235978
3.494829	2.235241
3.495829	2.234470
3.496829	2.233666
3.497829	2.232829
3.498829	2.231960
3.499829	2.231058
3.500829	2.230125
3.501829	2.229161
3.502829	2.228166
3.503829	2.227141
3.504829	2.226086
3.505829	2.225001
3.506829	2.223888
3.507829	2.222747
3.508829	2.221578
3.509829	2.220381
3.510829	2.219158
3.511829	2.217909
3.512829	2.216634
3.513829	2.215333
3.514829	2.214008
3.515829	2.212659
3.516829	2.211287
3.517829	2.209891
3.518829	2.208473
3.519829	2.207033
3.520829	2.205572
3.521829	2.204091
3.522829	2.202589
3.523829	2.201067
3.524829	2.199527
3.525829	2.197968
3.526829	2.196391
3.527829	2.194798
3.528829	2.193187
3.529829	2.191561
3.530829	2.189919
3.531829	2.188263
3.532829	2.186592
3.533829	2.184908
3.534829	2.183210
3.535829	2.181501
3.536829	2.179779
3.537829	2.178047
3.538829	2.176304
3.539829	2.174550
3.540829	2.172788
3.541829	2.171017
3.542829	2.169237
3.543829	2.167450
3.544829	2.165656
3.545829	2.163856
3.546829	2.162050
3.547829	2.160239
3.548829	2.158423
3.549829	2.156603
3.550829	2.154780
3.551829	2.152954
3.552829	2.151125
3.553829	2.149295
3.554829	2.147464
3.555829	2.145632
3.556829	2.143800
3.557829	2.141969
3.558829	2.140139
3.559829	2.138310
3.560829	2.136483
3.561829	2.134660
3.562829	2.132839
3.563829	2.131022
3.564829	2.129210
3.565829	2.127402
3.566829	2.125599
3.567829	2.123802
3.568829	2.122012
3.569829	2.120228
3.570829	2.118451
3.571829	2.116682
3.572829	2.114921
3.573829	2.113168
3.574829	2.111424
3.575829	2.109690
3.576829	2.107965
3.577829	2.106251
3.578829	2.104547
3.579829	2.102854
3.580829	2.101172
3.581829	2.099502
3.582829	2.097844
3.583829	2.096199
3.584829	2.094566
3.585829	2.092946
3.586829	2.091340
3.587829	2.089747
3.588829	2.088168
3.589829	2.086603
3.590829	2.085053
3.591829	2.083518
3.592829	2.081997
3.593829	2.080492
3.594829	2.079003
3.595829	2.077529
3.596829	2.076071
3.597829	2.074630
3.598829	2.073205
3.599829	2.071796
3.600829	2.070405
3.601829	2.069030
3.602829	2.067673
3.603829	2.066333
3.604829	2.065011
3.605829	2.063706
3.606829	2.062419
3.607829	2.061150
3.608829	2.059899
3.609829	2.058666
3.610829	2.057452
3.611829	2.056256
3.612829	2.055079
3.613829	2.053920
3.614829	2.052780
3.615829	2.051659
3.616829	2.050557
3.617829	2.049474
3.618829	2.048409
3.619829	2.047364
3.620829	2.046338
3.621829	2.045331
3.622829	2.044343
3.623829	2.043374
3.624829	2.042425
3.625829	2.041494
3.626829	2.040583
3.627829	2.039692
3.628829	2.038819
3.629829	2.037966
3.630829	2.037132
3.631829	2.036317
3.632829	2.035521
3.633829	2.034744
3.634829	2.033986
3.635829	2.033247
3.636829	2.032528
3.637829	2.031827
3.638829	2.031145
3.639829	2.030482
3.640829	2.029837
3.641829	2.029211
3.642829	2.028604
3.643829	2.028015
3.644829	2.027444
3.645829	2.026892
3.646829	2.026357
3.647829	2.025841
3.648829	2.025343
3.649829	2.024862
3.650829	2.024399
3.651829	2.023954
3.652829	2.023526
3.653829	2.023115
3.654829	2.022722
3.655829	2.022345
3.656829	2.021985
3.657829	2.021642
3.658829	2.021316
3.659829	2.021005
3.660829	2.020711
3.661829	2.020433
3.662829	2.020171
3.663829	2.019925
3.664829	2.019694
3.665829	2.019478
3.666829	2.019278
3.667829	2.019092
3.668829	2.018921
3.669829	2.018765
3.670829	2.018623
3.671829	2.018496
3.672829	2.018382
3.673829	2.018282
3.674829	2.018195
3.675829	2.018122
3.676829	2.018062
3.677829	2.018014
3.678829	2.017980
3.679829	2.017958
3.680829	2.017948
3.681829	2.017950
3.682829	2.017963
3.683829	2.017989
3.684829	2.018025
3.685829	2.018073
3.686829	2.018131
3.687829	2.018200
3.688829	2.018279
3.689829	2.018369
3.690829	2.018468
3.691829	2.018577
3.692829	2.018695
3.693829	2.018822
3.694829	2.018958
3.695829	2.019102
3.696829	2.019255
3.697829	2.019416
3.698829	2.019585
3.699829	2.019762
3.700829	2.019945
3.701829	2.020136
3.702829	2.020334
3.703829	2.020538
3.704829	2.020748
3.705829	2.020964
3.706829	2.021186
3.707829	2.021414
3.708829	2.021646
3.709829	2.021884
3.710829	2.022127
3.711829	2.022373
3.712829	2.022624
3.713829	2.022879
3.714829	2.023138
3.715829	2.023399
3.716829	2.023664
3.717829	2.023932
3.718829	2.024203
3.719829	2.024475
3.720829	2.024750
3.721829	2.025026
3.722829	2.025305
3.723829	2.025584
3.724829	2.025864
3.725829	2.026145
3.726829	2.026427
3.727829	2.026709
3.728829	2.026991
3.729829	2.027272
3.730829	2.027553
3.731829	2.027833
3.732829	2.028113
3.733829	2.028390
3.734829	2.028667
3.735829	2.028942
3.736829	2.029214
3.737829	2.029485
3.738829	2.029752
3.739829	2.030017
3.740829	2.030280
3.741829	2.030539
3.742829	2.030794
3.743829	2.031046
3.744829	2.031294
3.745829	2.031537
3.746829	2.031777
3.747829	2.032012
3.748829	2.032242
3.749829	2.032467
3.750829	2.032686
3.751829	2.032901
3.752829	2.033109
3.753829	2.033312
3.754829	2.033509
3.755829	2.033699
3.756829	2.033883
3.757829	2.034060
3.758829	2.034231
3.759829	2.034394
3.760829	2.034550
3.761829	2.034699
3.762829	2.034840
3.763829	2.034973
3.764829	2.035098
3.765829	2.035216
3.766829	2.035325
3.767829	2.035425
3.768829	2.035517
3.769829	2.035600
3.770829	2.035675
3.771829	2.035740
3.772829	2.035796
3.773829	2.035843
3.774829	2.035880
3.775829	2.035908
3.776829	2.035926
3.777829	2.035934
3.778829	2.035932
3.779829	2.035921
3.780829	2.035899
3.781829	2.035867
3.782829	2.035824
3.783829	2.035771
3.784829	2.035708
3.785829	2.035634
3.786829	2.035549
3.787829	2.035453
3.788829	2.035347
3.789829	2.035230
3.790829	2.035102
3.791829	2.034962
3.792829	2.034812
3.793829	2.034651
3.794829	2.034479
3.795829	2.034295
3.796829	2.034100
3.797829	2.033894
3.798829	2.033677
3.799829	2.033449
3.800829	2.033209
3.801829	2.032959
3.802829	2.032697
3.803829	2.032423
3.804829	2.032139
3.805829	2.031843
3.806829	2.031536
3.807829	2.031218
3.808829	2.030888
3.809829	2.030548
3.810829	2.030196
3.811829	2.029834
3.812829	2.029460
3.813829	2.029075
3.814829	2.028679
3.815829	2.028273
3.816829	2.027855
3.817829	2.027427
3.818829	2.026988
3.819829	2.026539
3.820829	2.026078
3.821829	2.025608
3.822829	2.025126
3.823829	2.024635
3.824829	2.024133
3.825829	2.023621
3.826829	2.023099
3.827829	2.022567
3.828829	2.022025
3.829829	2.021473
3.830829	2.020911
3.831829	2.020340
3.832829	2.019759
3.833829	2.019169
3.834829	2.018569
3.835829	2.017960
3.836829	2.017343
3.837829	2.016716
3.838829	2.016080
3.839829	2.015436
3.840829	2.014783
3.841829	2.014122
3.842829	2.013452
3.843829	2.012775
3.844829	2.012089
3.845829	2.011395
3.846829	2.010694
3.847829	2.009985
3.848829	2.009268
3.849829	2.008544
3.850829	2.007814
3.851829	2.007076
3.852829	2.006331
3.853829	2.005579
3.854829	2.004821
3.855829	2.004057
3.856829	2.003286
3.857829	2.002510
3.858829	2.001727
3.859829	2.000939
3.860829	2.000145
3.861829	1.999346
3.862829	1.998542
3.863829	1.997732
3.864829	1.996918
3.865829	1.996099
3.866829	1.995276
3.867829	1.994449
3.868829	1.993617
3.869829	1.992781
3.870829	1.991942
3.871829	1.991099
3.872829	1.990252
3.873829	1.989403
3.874829	1.988550
3.875829	1.987695
3.876829	1.986837
3.877829	1.985977
3.878829	1.985114
3.879829	1.984249
3.880829	1.983383
3.881829	1.982515
3.882829	1.981645
3.883829	1.980774
3.884829	1.979902
3.885829	1.979029
3.886829	1.978156
3.887829	1.977282
3.888829	1.976408
3.889829	1.975534
3.890829	1.974659
3.891829	1.973786
3.892829	1.972912
3.893829	1.972040
3.894829	1.971168
3.895829	1.970297
3.896829	1.969428
3.897829	1.968561
3.898829	1.967695
3.899829	1.966831
3.900829	1.965969
3.901829	1.965109
3.902829	1.964252
3.903829	1.963398
3.904829	1.962546
3.905829	1.961698
3.906829	1.960853
3.907829	1.960011
3.908829	1.959173
3.909829	1.958339
3.910829	1.957509
3.911829	1.956683
3.912829	1.955862
3.913829	1.955045
3.914829	1.954233
3.915829	1.953426
3.916829	1.952625
3.917829	1.951828
3.918829	1.951037
3.919829	1.950252
3.920829	1.949473
3.921829	1.948700
3.922829	1.947932
3.923829	1.947172
3.924829	1.946418
3.925829	1.945670
3.926829	1.944929
3.927829	1.944196
3.928829	1.943469
3.929829	1.942750
3.930829	1.942039
3.931829	1.941334
3.932829	1.940638
3.933829	1.939950
3.934829	1.939269
3.935829	1.938597
3.936829	1.937933
3.937829	1.937278
3.938829	1.936631
3.939829	1.935992
3.940829	1.935363
3.941829	1.934742
3.942829	1.934130
3.943829	1.933528
3.944829	1.932935
3.945829	1.932351
3.946829	1.931776
3.947829	1.931211
3.948829	1.930655
3.949829	1.930109
3.950829	1.929573
3.951829	1.929047
3.952829	1.928530
3.953829	1.928024
3.954829	1.927527
3.955829	1.927041
3.956829	1.926564
3.957829	1.926098
3.958829	1.925642
3.959829	1.925196
3.960829	1.924761
3.961829	1.924335
3.962829	1.923920
3.963829	1.923516
3.964829	1.923121
3.965829	1.922737
3.966829	1.922364
3.967829	1.922000
3.968829	1.921647
3.969829	1.921304
3.970829	1.920972
3.971829	1.920649
3.972829	1.920337
3.973829	1.920035
3.974829	1.919743
3.975829	1.919462
3.976829	1.919190
3.977829	1.918928
3.978829	1.918676
3.979829	1.918433
3.980829	1.918201
3.981829	1.917978
3.982829	1.917764
3.983829	1.917560
3.984829	1.917365
3.985829	1.917179
3.986829	1.917002
3.987829	1.916834
3.988829	1.916675
3.989829	1.916524
3.990829	1.916382
3.991829	1.916248
3.992829	1.916122
3.993829	1.916004
3.994829	1.915893
3.995829	1.915791
3.996829	1.915695
3.997829	1.915607
3.998829	1.915525
3.999829	1.915451
4.000829	1.915382
4.001829	1.915320
4.002829	1.915264
4.003829	1.915213
4.004829	1.915168
4.005829	1.915129
4.006829	1.915094
4.007829	1.915063
4.008829	1.915038
4.009829	1.915016
4.010829	1.914998
4.011829	1.914983
4.012829	1.914972
4.013829	1.914964
4.014829	1.914958
4.015829	1.914955
4.016829	1.914953
4.017829	1.914954
4.018829	1.914955
4.019829	1.914958
4.020829	1.914961
4.021829	1.914964
4.022829	1.914968
4.023829	1.914971
4.024829	1.914973
4.025829	1.914975
4.026829	1.914974
4.027829	1.914973
4.028829	1.914969
4.029829	1.914962
4.030829	1.914953
4.031829	1.914940
4.032829	1.914924
4.033829	1.914904
4.034829	1.914879
4.035829	1.914850
4.036829	1.914816
4.037829	1.914776
4.038829	1.914731
4.039829	1.914679
4.040829	1.914621
4.041829	1.914555
4.042829	1.914482
4.043829	1.914402
4.044829	1.914313
4.045829	1.914216
4.046829	1.914110
4.047829	1.913995
4.048829	1.913870
4.049829	1.913735
4.050829	1.913589
4.051829	1.913433
4.052829	1.913265
4.053829	1.913086
4.054829	1.912895
4.055829	1.912692
4.056829	1.912476
4.057829	1.912247
4.058829	1.912004
4.059829	1.911748
4.060829	1.911477
4.061829	1.911192
4.062829	1.910892
4.063829	1.910576
4.064829	1.910245
4.065829	1.909898
4.066829	1.909535
4.067829	1.909155
4.068829	1.908757
4.069829	1.908343
4.070829	1.907910
4.071829	1.907459
4.072829	1.906990
4.073829	1.906503
4.074829	1.905996
4.075829	1.905469
4.076829	1.904923
4.077829	1.904357
4.078829	1.903771
4.079829	1.903163
4.080829	1.902535
4.081829	1.901886
4.082829	1.901214
4.083829	1.900521
4.084829	1.899806
4.085829	1.899069
4.086829	1.898309
4.087829	1.897525
4.088829	1.896719
4.089829	1.895889
4.090829	1.895035
4.091829	1.894158
4.092829	1.893256
4.093829	1.892330
4.094829	1.891379
4.095829	1.890403
4.096829	1.889403
4.097829	1.888376
4.098829	1.887325
4.099829	1.886248
4.100829	1.885145
4.101829	1.884016
4.102829	1.882861
4.103829	1.881679
4.104829	1.880471
4.105829	1.879237
4.106829	1.877975
4.107829	1.876687
4.108829	1.875372
4.109829	1.874030
4.110829	1.872661
4.111829	1.871264
4.112829	1.869840
4.113829	1.868389
4.114829	1.866910
4.115829	1.865403
4.116829	1.863869
4.117829	1.862307
4.118829	1.860718
4.119829	1.859100
4.120829	1.857455
4.121829	1.855783
4.122829	1.854082
4.123829	1.852354
4.124829	1.850598
4.125829	1.848815
4.126829	1.847003
4.127829	1.845164
4.128829	1.843298
4.129829	1.841404
4.130829	1.839483
4.131829	1.837534
4.132829	1.835558
4.133829	1.833555
4.134829	1.831525
4.135829	1.829468
4.136829	1.827384
4.137829	1.825274
4.138829	1.823137
4.139829	1.820974
4.140829	1.818784
4.141829	1.816569
4.142829	1.814328
4.143829	1.812061
4.144829	1.809768
4.145829	1.807451
4.146829	1.805109
4.147829	1.802741
4.148829	1.800350
4.149829	1.797934
4.150829	1.795494
4.151829	1.793031
4.152829	1.790544
4.153829	1.788035
4.154829	1.785502
4.155829	1.782947
4.156829	1.780370
4.157829	1.777771
4.158829	1.775151
4.159829	1.772510
4.160829	1.769848
4.161829	1.767166
4.162829	1.764464
4.163829	1.761743
4.164829	1.759003
4.165829	1.756244
4.166829	1.753467
4.167829	1.750672
4.168829	1.747860
4.169829	1.745031
4.170829	1.742186
4.171829	1.739326
4.172829	1.736450
4.173829	1.733559
4.174829	1.730654
4.175829	1.727736
4.176829	1.724805
4.177829	1.721861
4.178829	1.718905
4.179829	1.715938
4.180829	1.712961
4.181829	1.709973
4.182829	1.706976
4.183829	1.703970
4.184829	1.700956
4.185829	1.697935
4.186829	1.694907
4.187829	1.691873
4.188829	1.688834
4.189829	1.685790
4.190829	1.682742
4.191829	1.679691
4.192829	1.676638
4.193829	1.673584
4.194829	1.670528
4.195829	1.667473
4.196829	1.664418
4.197829	1.661365
4.198829	1.658315
4.199829	1.655268
4.200829	1.652226
4.201829	1.649188
4.202829	1.646157
4.203829	1.643132
4.204829	1.640116
4.205829	1.637108
4.206829	1.634110
4.207829	1.631123
4.208829	1.628147
4.209829	1.625184
4.210829	1.622235
4.211829	1.619301
4.212829	1.616382
4.213829	1.613479
4.214829	1.610595
4.215829	1.607729
4.216829	1.604882
4.217829	1.602057
4.218829	1.599253
4.219829	1.596472
4.220829	1.593714
4.221829	1.590982
4.222829	1.588275
4.223829	1.585595
4.224829	1.582943
4.225829	1.580320
4.226829	1.577727
4.227829	1.575165
4.228829	1.572635
4.229829	1.570138
4.230829	1.567675
4.231829	1.565248
4.232829	1.562856
4.233829	1.560501
4.234829	1.558184
4.235829	1.555906
4.236829	1.553669
4.237829	1.551472
4.238829	1.549317
4.239829	1.547205
4.240829	1.545136
4.241829	1.543113
4.242829	1.541135
4.243829	1.539203
4.244829	1.537319
4.245829	1.535483
4.246829	1.533696
4.247829	1.531959
4.248829	1.530272
4.249829	1.528637
4.250829	1.527055
4.251829	1.525525
4.252829	1.524050
4.253829	1.522628
4.254829	1.521263
4.255829	1.519952
4.256829	1.518699
4.257829	1.517503
4.258829	1.516364
4.259829	1.515284
4.260829	1.514263
4.261829	1.513302
4.262829	1.512400
4.263829	1.511559
4.264829	1.510779
4.265829	1.510061
4.266829	1.509404
4.267829	1.508810
4.268829	1.508278
4.269829	1.507809
4.270829	1.507404
4.271829	1.507062
4.272829	1.506783
4.273829	1.506568
4.274829	1.506418
4.275829	1.506331
4.276829	1.506309
4.277829	1.506351
4.278829	1.506458
4.279829	1.506629
4.280829	1.506864
4.281829	1.507163
4.282829	1.507527
4.283829	1.507954
4.284829	1.508445
4.285829	1.508999
4.286829	1.509617
4.287829	1.510297
4.288829	1.511040
4.289829	1.511845
4.290829	1.512711
4.291829	1.513638
4.292829	1.514626
4.293829	1.515674
4.294829	1.516781
4.295829	1.517947
4.296829	1.519171
4.297829	1.520451
4.298829	1.521788
4.299829	1.523180
4.300829	1.524627
4.301829	1.526127
4.302829	1.527679
4.303829	1.529283
4.304829	1.530937
4.305829	1.532640
4.306829	1.534391
4.307829	1.536188
4.308829	1.538030
4.309829	1.539916
4.310829	1.541844
4.311829	1.543813
4.312829	1.545821
4.313829	1.547867
4.314829	1.549949
4.315829	1.552065
4.316829	1.554213
4.317829	1.556393
4.318829	1.558601
4.319829	1.560837
4.320829	1.563098
4.321829	1.565383
4.322829	1.567689
4.323829	1.570015
4.324829	1.572359
4.325829	1.574718
4.326829	1.577091
4.327829	1.579476
4.328829	1.581870
4.329829	1.584272
4.330829	1.586679
4.331829	1.589089
4.332829	1.591500
4.333829	1.593910
4.334829	1.596317
4.335829	1.598718
4.336829	1.601111
4.337829	1.603495
4.338829	1.605866
4.339829	1.608223
4.340829	1.610563
4.341829	1.612885
4.342829	1.615185
4.343829	1.617462
4.344829	1.619713
4.345829	1.621937
4.346829	1.624130
4.347829	1.626291
4.348829	1.628417
4.349829	1.630507
4.350829	1.632558
4.351829	1.634567
4.352829	1.636533
4.353829	1.638454
4.354829	1.640326
4.355829	1.642149
4.356829	1.643920
4.357829	1.645636
4.358829	1.647297
4.359829	1.648898
4.360829	1.650440
4.361829	1.651919
4.362829	1.653333
4.363829	1.654681
4.364829	1.655961
4.365829	1.657171
4.366829	1.658308
4.367829	1.659371
4.368829	1.660358
4.369829	1.661268
4.370829	1.662098
4.371829	1.662847
4.372829	1.663514
4.373829	1.664095
4.374829	1.664591
4.375829	1.664999
4.376829	1.665318
4.377829	1.665547
4.378829	1.665684
4.379829	1.665727
4.380829	1.665676
4.381829	1.665529
4.382829	1.665284
4.383829	1.664942
4.384829	1.664500
4.385829	1.663958
4.386829	1.663315
4.387829	1.662569
4.388829	1.661720
4.389829	1.660768
4.390829	1.659710
4.391829	1.658548
4.392829	1.657280
4.393829	1.655905
4.394829	1.654424
4.395829	1.652835
4.396829	1.651139
4.397829	1.649336
4.398829	1.647424
4.399829	1.645405
4.400829	1.643278
4.401829	1.641042
4.402829	1.638700
4.403829	1.636249
4.404829	1.633692
4.405829	1.631028
4.406829	1.628258
4.407829	1.625383
4.408829	1.622402
4.409829	1.619318
4.410829	1.616130
4.411829	1.612841
4.412829	1.609450
4.413829	1.605959
4.414829	1.602369
4.415829	1.598682
4.416829	1.594899
4.417829	1.591021
4.418829	1.587050
4.419829	1.582988
4.420829	1.578836
4.421829	1.574596
4.422829	1.570270
4.423829	1.565859
4.424829	1.561367
4.425829	1.556794
4.426829	1.552144
4.427829	1.547417
4.428829	1.542617
4.429829	1.537745
4.430829	1.532805
4.431829	1.527797
4.432829	1.522725
4.433829	1.517592
4.434829	1.512399
4.435829	1.507150
4.436829	1.501846
4.437829	1.496491
4.438829	1.491088
4.439829	1.485638
4.440829	1.480145
4.441829	1.474612
4.442829	1.469041
4.443829	1.463435
4.444829	1.457797
4.445829	1.452130
4.446829	1.446438
4.447829	1.440722
4.448829	1.434986
4.449829	1.429232
4.450829	1.423465
4.451829	1.417686
4.452829	1.411900
4.453829	1.406108
4.454829	1.400314
4.455829	1.394521
4.456829	1.388732
4.457829	1.382949
4.458829	1.377177
4.459829	1.371419
4.460829	1.365676
4.461829	1.359952
4.462829	1.354251
4.463829	1.348574
4.464829	1.342926
4.465829	1.337309
4.466829	1.331727
4.467829	1.326181
4.468829	1.320675
4.469829	1.315212
4.470829	1.309795
4.471829	1.304426
4.472829	1.299109
4.473829	1.293846
4.474829	1.288639
4.475829	1.283493
4.476829	1.278409
4.477829	1.273390
4.478829	1.268438
4.479829	1.263556
4.480829	1.258748
4.481829	1.254014
4.482829	1.249358
4.483829	1.244781
4.484829	1.240287
4.485829	1.235878
4.486829	1.231555
4.487829	1.227321
4.488829	1.223178
4.489829	1.219128
4.490829	1.215172
4.491829	1.211314
4.492829	1.207554
4.493829	1.203895
4.494829	1.200337
4.495829	1.196883
4.496829	1.193535
4.497829	1.190293
4.498829	1.187159
4.499829	1.184135
4.500829	1.181221
4.501829	1.178419
4.502829	1.175729
4.503829	1.173153
4.504829	1.170692
4.505829	1.168345
4.506829	1.166115
4.507829	1.164001
4.508829	1.162004
4.509829	1.160125
4.510829	1.158363
4.511829	1.156719
4.512829	1.155192
4.513829	1.153783
4.514829	1.152492
4.515829	1.151318
4.516829	1.150261
4.517829	1.149320
4.518829	1.148495
4.519829	1.147785
4.520829	1.147189
4.521829	1.146706
4.522829	1.146336
4.523829	1.146077
4.524829	1.145929
4.525829	1.145889
4.526829	1.145956
4.527829	1.146130
4.528829	1.146408
4.529829	1.146789
4.530829	1.147271
4.531829	1.147853
4.532829	1.148532
4.533829	1.149307
4.534829	1.150176
4.535829	1.151137
4.536829	1.152188
4.537829	1.153326
4.538829	1.154549
4.539829	1.155855
4.540829	1.157242
4.541829	1.158708
4.542829	1.160249
4.543829	1.161864
4.544829	1.163549
4.545829	1.165303
4.546829	1.167123
4.547829	1.169005
4.548829	1.170948
4.549829	1.172949
4.550829	1.175004
4.551829	1.177111
4.552829	1.179268
4.553829	1.181470
4.554829	1.183716
4.555829	1.186003
4.556829	1.188327
4.557829	1.190686
4.558829	1.193077
4.559829	1.195496
4.560829	1.197941
4.561829	1.200409
4.562829	1.202897
4.563829	1.205401
4.564829	1.207919
4.565829	1.210447
4.566829	1.212983
4.567829	1.215524
4.568829	1.218066
4.569829	1.220607
4.570829	1.223144
4.571829	1.225673
4.572829	1.228191
4.573829	1.230697
4.574829	1.233186
4.575829	1.235656
4.576829	1.238104
4.577829	1.240527
4.578829	1.242922
4.579829	1.245286
4.580829	1.247617
4.581829	1.249912
4.582829	1.252169
4.583829	1.254383
4.584829	1.256554
4.585829	1.258677
4.586829	1.260751
4.587829	1.262774
4.588829	1.264742
4.589829	1.266654
4.590829	1.268506
4.591829	1.270297
4.592829	1.272024
4.593829	1.273686
4.594829	1.275280
4.595829	1.276803
4.596829	1.278255
4.597829	1.279633
4.598829	1.280935
4.599829	1.282160
4.600829	1.283305
4.601829	1.284369
4.602829	1.285351
4.603829	1.286249
4.604829	1.287062
4.605829	1.287788
4.606829	1.288426
4.607829	1.288975
4.608829	1.289435
4.609829	1.289803
4.610829	1.290079
4.611829	1.290263
4.612829	1.290354
4.613829	1.290351
4.614829	1.290254
4.615829	1.290062
4.616829	1.289776
4.617829	1.289394
4.618829	1.288918
4.619829	1.288347
4.620829	1.287681
4.621829	1.286922
4.622829	1.286068
4.623829	1.285121
4.624829	1.284082
4.625829	1.282950
4.626829	1.281728
4.627829	1.280416
4.628829	1.279014
4.629829	1.277524
4.630829	1.275948
4.631829	1.274286
4.632829	1.272540
4.633829	1.270711
4.634829	1.268801
4.635829	1.266811
4.636829	1.264744
4.637829	1.262600
4.638829	1.260382
4.639829	1.258092
4.640829	1.255731
4.641829	1.253301
4.642829	1.250805
4.643829	1.248245
4.644829	1.245622
4.645829	1.242940
4.646829	1.240200
4.647829	1.237404
4.648829	1.234556
4.649829	1.231658
4.650829	1.228711
4.651829	1.225719
4.652829	1.222684
4.653829	1.219609
4.654829	1.216496
4.655829	1.213348
4.656829	1.210168
4.657829	1.206958
4.658829	1.203721
4.659829	1.200460
4.660829	1.197177
4.661829	1.193876
4.662829	1.190560
4.663829	1.187230
4.664829	1.183890
4.665829	1.180543
4.666829	1.177192
4.667829	1.173838
4.668829	1.170487
4.669829	1.167139
4.670829	1.163799
4.671829	1.160468
4.672829	1.157150
4.673829	1.153847
4.674829	1.150563
4.675829	1.147301
4.676829	1.144062
4.677829	1.140850
4.678829	1.137667
4.679829	1.134517
4.680829	1.131401
4.681829	1.128323
4.682829	1.125286
4.683829	1.122291
4.684829	1.119342
4.685829	1.116441
4.686829	1.113591
4.687829	1.110794
4.688829	1.108052
4.689829	1.105368
4.690829	1.102744
4.691829	1.100183
4.692829	1.097687
4.693829	1.095257
4.694829	1.092897
4.695829	1.090607
4.696829	1.088391
4.697829	1.086250
4.698829	1.084186
4.699829	1.082200
4.700829	1.080296
4.701829	1.078473
4.702829	1.076734
4.703829	1.075081
4.704829	1.073514
4.705829	1.072035
4.706829	1.070646
4.707829	1.069348
4.708829	1.068141
4.709829	1.067027
4.710829	1.066006
4.711829	1.065080
4.712829	1.064250
4.713829	1.063515
4.714829	1.062877
4.715829	1.062335
4.716829	1.061891
4.717829	1.061544
4.718829	1.061294
4.719829	1.061142
4.720829	1.061088
4.721829	1.061130
4.722829	1.061270
4.723829	1.061505
4.724829	1.061837
4.725829	1.062263
4.726829	1.062784
4.727829	1.063398
4.728829	1.064104
4.729829	1.064902
4.730829	1.065789
4.731829	1.066765
4.732829	1.067828
4.733829	1.068977
4.734829	1.070210
4.735829	1.071525
4.736829	1.072921
4.737829	1.074395
4.738829	1.075946
4.739829	1.077572
4.740829	1.079271
4.741829	1.081040
4.742829	1.082877
4.743829	1.084780
4.744829	1.086746
4.745829	1.088773
4.746829	1.090859
4.747829	1.093001
4.748829	1.095196
4.749829	1.097441
4.750829	1.099735
4.751829	1.102073
4.752829	1.104454
4.753829	1.106873
4.754829	1.109330
4.755829	1.111819
4.756829	1.114339
4.757829	1.116887
4.758829	1.119458
4.759829	1.122051
4.760829	1.124662
4.761829	1.127287
4.762829	1.129924
4.763829	1.132570
4.764829	1.135221
4.765829	1.137874
4.766829	1.140525
4.767829	1.143173
4.768829	1.145812
4.769829	1.148440
4.770829	1.151054
4.771829	1.153650
4.772829	1.156225
4.773829	1.158776
4.774829	1.161299
4.775829	1.163792
4.776829	1.166250
4.777829	1.168672
4.778829	1.171052
4.779829	1.173389
4.780829	1.175679
4.781829	1.177919
4.782829	1.180105
4.783829	1.182235
4.784829	1.184306
4.785829	1.186314
4.786829	1.188257
4.787829	1.190131
4.788829	1.191933
4.789829	1.193661
4.790829	1.195312
4.791829	1.196883
4.792829	1.198371
4.793829	1.199773
4.794829	1.201087
4.795829	1.202311
4.796829	1.203440
4.797829	1.204475
4.798829	1.205410
4.799829	1.206246
4.800829	1.206978
4.801829	1.207605
4.802829	1.208126
4.803829	1.208536
4.804829	1.208836
4.805829	1.209022
4.806829	1.209094
4.807829	1.209048
4.808829	1.208884
4.809829	1.208601
4.810829	1.208196
4.811829	1.207668
4.812829	1.207016
4.813829	1.206239
4.814829	1.205336
4.815829	1.204305
4.816829	1.203147
4.817829	1.201859
4.818829	1.200442
4.819829	1.198896
4.820829	1.197219
4.821829	1.195411
4.822829	1.193472
4.823829	1.191403
4.824829	1.189203
4.825829	1.186873
4.826829	1.184412
4.827829	1.181822
4.828829	1.179102
4.829829	1.176255
4.830829	1.173280
4.831829	1.170178
4.832829	1.166952
4.833829	1.163601
4.834829	1.160127
4.835829	1.156532
4.836829	1.152818
4.837829	1.148985
4.838829	1.145036
4.839829	1.140972
4.840829	1.136796
4.841829	1.132510
4.842829	1.128115
4.843829	1.123614
4.844829	1.119010
4.845829	1.114304
4.846829	1.109499
4.847829	1.104598
4.848829	1.099604
4.849829	1.094519
4.850829	1.089345
4.851829	1.084087
4.852829	1.078746
4.853829	1.073326
4.854829	1.067830
4.855829	1.062261
4.856829	1.056621
4.857829	1.050916
4.858829	1.045146
4.859829	1.039317
4.860829	1.033431
4.861829	1.027492
4.862829	1.021502
4.863829	1.015467
4.864829	1.009389
4.865829	1.003271
4.866829	0.997118
4.867829	0.990933
4.868829	0.984719
4.869829	0.978481
4.870829	0.972222
4.871829	0.965945
4.872829	0.959655
4.873829	0.953355
4.874829	0.947049
4.875829	0.940740
4.876829	0.934433
4.877829	0.928131
4.878829	0.921838
4.879829	0.915557
4.880829	0.909293
4.881829	0.903049
4.882829	0.896828
4.883829	0.890635
4.884829	0.884474
4.885829	0.878347
4.886829	0.872259
4.887829	0.866213
4.888829	0.860212
4.889829	0.854261
4.890829	0.848363
4.891829	0.842521
4.892829	0.836739
4.893829	0.831020
4.894829	0.825368
4.895829	0.819786
4.896829	0.814277
4.897829	0.808844
4.898829	0.803491
4.899829	0.798221
4.900829	0.793036
4.901829	0.787941
4.902829	0.782937
4.903829	0.778028
4.904829	0.773216
4.905829	0.768505
4.906829	0.763896
4.907829	0.759393
4.908829	0.754998
4.909829	0.750713
4.910829	0.746541
4.911829	0.742484
4.912829	0.738544
4.913829	0.734723
4.914829	0.731023
4.915829	0.727447
4.916829	0.723995
4.917829	0.720670
4.918829	0.717473
4.919829	0.714405
4.920829	0.711468
4.921829	0.708664
4.922829	0.705992
4.923829	0.703455
4.924829	0.701053
4.925829	0.698787
4.926829	0.696658
4.927829	0.694665
4.928829	0.692810
4.929829	0.691093
4.930829	0.689513
4.931829	0.688071
4.932829	0.686767
4.933829	0.685600
4.934829	0.684570
4.935829	0.683676
4.936829	0.682917
4.937829	0.682294
4.938829	0.681804
4.939829	0.681447
4.940829	0.681222
4.941829	0.681127
4.942829	0.681161
4.943829	0.681323
4.944829	0.681611
4.945829	0.682023
4.946829	0.682558
4.947829	0.683214
4.948829	0.683988
4.949829	0.684878
4.950829	0.685884
4.951829	0.687001
4.952829	0.688229
4.953829	0.689564
4.954829	0.691004
4.955829	0.692547
4.956829	0.694190
4.957829	0.695930
4.958829	0.697764
4.959829	0.699690
4.960829	0.701705
4.961829	0.703806
4.962829	0.705990
4.963829	0.708253
4.964829	0.710593
4.965829	0.713007
4.966829	0.715492
4.967829	0.718043
4.968829	0.720658
4.969829	0.723334
4.970829	0.726067
4.971829	0.728854
4.972829	0.731691
4.973829	0.734575
4.974829	0.737502
4.975829	0.740470
4.976829	0.743474
4.977829	0.746511
4.978829	0.749577
4.979829	0.752669
4.980829	0.755784
4.981829	0.758917
4.982829	0.762065
4.983829	0.765224
4.984829	0.768392
4.985829	0.771564
4.986829	0.774736
4.987829	0.777906
4.988829	0.781070
4.989829	0.784223
4.990829	0.787363
4.991829	0.790486
4.992829	0.793589
4.993829	0.796668
4.994829	0.799719
4.995829	0.802740
4.996829	0.805727
4.997829	0.808676
4.998829	0.811584
4.999829	0.814449
5.000829	0.817266
5.001829	0.820033
5.002829	0.822746
5.003829	0.825402
5.004829	0.827999
5.005829	0.830533
5.006829	0.833002
5.007829	0.835402
5.008829	0.837731
5.009829	0.839986
5.010829	0.842165
5.011829	0.844264
5.012829	0.846281
5.013829	0.848215
5.014829	0.850062
5.015829	0.851820
5.016829	0.853487
5.017829	0.855061
5.018829	0.856539
5.019829	0.857921
5.020829	0.859204
5.021829	0.860386
5.022829	0.861466
5.023829	0.862442
5.024829	0.863313
5.025829	0.864077
5.026829	0.864733
5.027829	0.865280
5.028829	0.865718
5.029829	0.866044
5.030829	0.866259
5.031829	0.866362
5.032829	0.866352
5.033829	0.866229
5.034829	0.865993
5.035829	0.865643
5.036829	0.865180
5.037829	0.864603
5.038829	0.863913
5.039829	0.863111
5.040829	0.862196
5.041829	0.861170
5.042829	0.860033
5.043829	0.858786
5.044829	0.857429
5.045829	0.855965
5.046829	0.854394
5.047829	0.852717
5.048829	0.850936
5.049829	0.849052
5.050829	0.847067
5.051829	0.844983
5.052829	0.842800
5.053829	0.840521
5.054829	0.838149
5.055829	0.835684
5.056829	0.833128
5.057829	0.830485
5.058829	0.827756
5.059829	0.824943
5.060829	0.822050
5.061829	0.819077
5.062829	0.816028
5.063829	0.812905
5.064829	0.809711
5.065829	0.806449
5.066829	0.803121
5.067829	0.799729
5.068829	0.796278
5.069829	0.792769
5.070829	0.789205
5.071829	0.785590
5.072829	0.781926
5.073829	0.778216
5.074829	0.774464
5.075829	0.770672
5.076829	0.766844
5.077829	0.762982
5.078829	0.759091
5.079829	0.755172
5.080829	0.751230
5.081829	0.747267
5.082829	0.743286
5.083829	0.739291
5.084829	0.735286
5.085829	0.731272
5.086829	0.727255
5.087829	0.723236
5.088829	0.719219
5.089829	0.715207
5.090829	0.711204
5.091829	0.707212
5.092829	0.703235
5.093829	0.699277
5.094829	0.695340
5.095829	0.691427
5.096829	0.687541
5.097829	0.683687
5.098829	0.679866
5.099829	0.676082
5.100829	0.672338
5.101829	0.668636
5.102829	0.664981
5.103829	0.661374
5.104829	0.657819
5.105829	0.654318
5.106829	0.650874
5.107829	0.647490
5.108829	0.644168
5.109829	0.640912
5.110829	0.637724
5.111829	0.634605
5.112829	0.631560
5.113829	0.628589
5.114829	0.625696
5.115829	0.622882
5.116829	0.620150
5.117829	0.617502
5.118829	0.614940
5.119829	0.612466
5.120829	0.610081
5.121829	0.607788
5.122829	0.605588
5.123829	0.603482
5.124829	0.601473
5.125829	0.599561
5.126829	0.597748
5.127829	0.596036
5.128829	0.594424
5.129829	0.592915
5.130829	0.591508
5.131829	0.590206
5.132829	0.589008
5.133829	0.587915
5.134829	0.586928
5.135829	0.586046
5.136829	0.585271
5.137829	0.584601
5.138829	0.584038
5.139829	0.583580
5.140829	0.583228
5.141829	0.582981
5.142829	0.582839
5.143829	0.582800
5.144829	0.582865
5.145829	0.583031
5.146829	0.583299
5.147829	0.583667
5.148829	0.584133
5.149829	0.584697
5.150829	0.585357
5.151829	0.586111
5.152829	0.586958
5.153829	0.587897
5.154829	0.588924
5.155829	0.590040
5.156829	0.591240
5.157829	0.592524
5.158829	0.593890
5.159829	0.595334
5.160829	0.596856
5.161829	0.598452
5.162829	0.600120
5.163829	0.601858
5.164829	0.603663
5.165829	0.605532
5.166829	0.607463
5.167829	0.609454
5.168829	0.611501
5.169829	0.613601
5.170829	0.615753
5.171829	0.617952
5.172829	0.620197
5.173829	0.622483
5.174829	0.624809
5.175829	0.627170
5.176829	0.629565
5.177829	0.631990
5.178829	0.634442
5.179829	0.636917
5.180829	0.639413
5.181829	0.641927
5.182829	0.644455
5.183829	0.646994
5.184829	0.649541
5.185829	0.652093
5.186829	0.654647
5.187829	0.657199
5.188829	0.659747
5.189829	0.662287
5.190829	0.664816
5.191829	0.667331
5.192829	0.669829
5.193829	0.672306
5.194829	0.674761
5.195829	0.677188
5.196829	0.679587
5.197829	0.681953
5.198829	0.684284
5.199829	0.686576
5.200829	0.688827
5.201829	0.691035
5.202829	0.693195
5.203829	0.695306
5.204829	0.697365
5.205829	0.699369
5.206829	0.701315
5.207829	0.703201
5.208829	0.705025
5.209829	0.706784
5.210829	0.708475
5.211829	0.710097
5.212829	0.711648
5.213829	0.713124
5.214829	0.714524
5.215829	0.715846
5.216829	0.717089
5.217829	0.718249
5.218829	0.719326
5.219829	0.720319
5.220829	0.721224
5.221829	0.722042
5.222829	0.722770
5.223829	0.723407
5.224829	0.723953
5.225829	0.724405
5.226829	0.724764
5.227829	0.725029
5.228829	0.725198
5.229829	0.725271
5.230829	0.725248
5.231829	0.725128
5.232829	0.724911
5.233829	0.724597
5.234829	0.724186
5.235829	0.723679
5.236829	0.723075
5.237829	0.722375
5.238829	0.721579
5.239829	0.720689
5.240829	0.719705
5.241829	0.718629
5.242829	0.717460
5.243829	0.716202
5.244829	0.714855
5.245829	0.713421
5.246829	0.711901
5.247829	0.710298
5.248829	0.708614
5.249829	0.706851
5.250829	0.705011
5.251829	0.703097
5.252829	0.701111
5.253829	0.699055
5.254829	0.696934
5.255829	0.694748
5.256829	0.692503
5.257829	0.690199
5.258829	0.687842
5.259829	0.685433
5.260829	0.682976
5.261829	0.680475
5.262829	0.677933
5.263829	0.675354
5.264829	0.672740
5.265829	0.670096
5.266829	0.667426
5.267829	0.664733
5.268829	0.662021
5.269829	0.659294
5.270829	0.656555
5.271829	0.653808
5.272829	0.651059
5.273829	0.648309
5.274829	0.645564
5.275829	0.642827
5.276829	0.640102
5.277829	0.637393
5.278829	0.634705
5.279829	0.632041
5.280829	0.629404
5.281829	0.626800
5.282829	0.624232
5.283829	0.621703
5.284829	0.619218
5.285829	0.616781
5.286829	0.614395
5.287829	0.612064
5.288829	0.609792
5.289829	0.607582
5.290829	0.605438
5.291829	0.603364
5.292829	0.601363
5.293829	0.599438
5.294829	0.597593
5.295829	0.595831
5.296829	0.594155
5.297829	0.592569
5.298829	0.591075
5.299829	0.589676
5.300829	0.588375
5.301829	0.587175
5.302829	0.586078
5.303829	0.585087
5.304829	0.584204
5.305829	0.583431
5.306829	0.582771
5.307829	0.582225
5.308829	0.581796
5.309829	0.581484
5.310829	0.581292
5.311829	0.581221
5.312829	0.581272
5.313829	0.581446
5.314829	0.581745
5.315829	0.582168
5.316829	0.582717
5.317829	0.583392
5.318829	0.584193
5.319829	0.585120
5.320829	0.586174
5.321829	0.587353
5.322829	0.588657
5.323829	0.590086
5.324829	0.591638
5.325829	0.593313
5.326829	0.595109
5.327829	0.597024
5.328829	0.599056
5.329829	0.601204
5.330829	0.603466
5.331829	0.605838
5.332829	0.608317
5.333829	0.610902
5.334829	0.613589
5.335829	0.616373
5.336829	0.619252
5.337829	0.622220
5.338829	0.625275
5.339829	0.628411
5.340829	0.631624
5.341829	0.634907
5.342829	0.638257
5.343829	0.641666
5.344829	0.645130
5.345829	0.648641
5.346829	0.652193
5.347829	0.655779
5.348829	0.659392
5.349829	0.663024
5.350829	0.666667
5.351829	0.670314
5.352829	0.673955
5.353829	0.677584
5.354829	0.681191
5.355829	0.684766
5.356829	0.688302
5.357829	0.691789
5.358829	0.695218
5.359829	0.698580
5.360829	0.701865
5.361829	0.705064
5.362829	0.708167
5.363829	0.711165
5.364829	0.714048
5.365829	0.716807
5.366829	0.719433
5.367829	0.721915
5.368829	0.724245
5.369829	0.726413
5.370829	0.728411
5.371829	0.730228
5.372829	0.731857
5.373829	0.733288
5.374829	0.734513
5.375829	0.735523
5.376829	0.736311
5.377829	0.736868
5.378829	0.737187
5.379829	0.737260
5.380829	0.737081
5.381829	0.736641
5.382829	0.735935
5.383829	0.734957
5.384829	0.733701
5.385829	0.732161
5.386829	0.730332
5.387829	0.728209
5.388829	0.725789
5.389829	0.723068
5.390829	0.720042
5.391829	0.716708
5.392829	0.713064
5.393829	0.709109
5.394829	0.704840
5.395829	0.700258
5.396829	0.695362
5.397829	0.690152
5.398829	0.684630
5.399829	0.678797
5.400829	0.672656
5.401829	0.666209
5.402829	0.659461
5.403829	0.652415
5.404829	0.645076
5.405829	0.637451
5.406829	0.629547
5.407829	0.621369
5.408829	0.612927
5.409829	0.604229
5.410829	0.595286
5.411829	0.586107
5.412829	0.576704
5.413829	0.567090
5.414829	0.557278
5.415829	0.547281
5.416829	0.537116
5.417829	0.526797
5.418829	0.516343
5.419829	0.505770
5.420829	0.495099
5.421829	0.484349
5.422829	0.473541
5.423829	0.462697
5.424829	0.451840
5.425829	0.440995
5.426829	0.430187
5.427829	0.419443
5.428829	0.408790
5.429829	0.398258
5.430829	0.387876
5.431829	0.377675
5.432829	0.367688
5.433829	0.357949
5.434829	0.348493
5.435829	0.339355
5.436829	0.330574
5.437829	0.322188
5.438829	0.314238
5.439829	0.306764
5.440829	0.299811
5.441829	0.293422
5.442829	0.287643
5.443829	0.282520
5.444829	0.278103
5.445829	0.274442
5.446829	0.271588
5.447829	0.269593
5.448829	0.268514
5.449829	0.268404
