0.764829	133.122758
0.765829	112.203239
0.766829	92.872629
0.767829	75.067243
0.768829	58.724858
0.769829	43.784697
0.770829	30.187412
0.771829	17.875070
0.772829	6.791138
0.773829	-3.119534
0.774829	-11.910729
0.775829	-19.634877
0.776829	-26.343071
0.777829	-32.085084
0.778829	-36.909384
0.779829	-40.863148
0.780829	-43.992279
0.781829	-46.341424
0.782829	-47.953983
0.783829	-48.872134
0.784829	-49.136838
0.785829	-48.787864
0.786829	-47.863800
0.787829	-46.402067
0.788829	-44.438939
0.789829	-42.009558
0.790829	-39.147944
0.791829	-35.887018
0.792829	-32.258613
0.793829	-28.293493
0.794829	-24.021364
0.795829	-19.470893
0.796829	-14.669726
0.797829	-9.644495
0.798829	-4.420844
0.799829	0.976563
0.800829	6.524022
0.801829	12.198776
0.802829	17.978998
0.803829	23.843775
0.804829	29.773094
0.805829	35.747826
0.806829	41.749709
0.807829	47.761333
0.808829	53.766124
0.809829	59.748332
0.810829	65.693008
0.811829	71.585997
0.812829	77.413914
0.813829	83.164137
0.814829	88.824783
0.815829	94.384697
0.816829	99.833438
0.817829	105.161259
0.818829	110.359092
0.819829	115.418538
0.820829	120.331842
0.821829	125.091887
0.822829	129.692170
0.823829	134.126794
0.824829	138.390446
0.825829	142.478385
0.826829	146.386424
0.827829	150.110919
0.828829	153.648746
0.829829	156.997293
0.830829	160.154439
0.831829	163.118541
0.832829	165.888416
0.833829	168.463330
0.834829	170.842977
0.835829	173.027467
0.836829	175.017308
0.837829	176.813392
0.838829	178.416980
0.839829	179.829684
0.840829	181.053453
0.841829	182.090557
0.842829	182.943572
0.843829	183.615362
0.844829	184.109067
0.845829	184.428085
0.846829	184.576057
0.847829	184.556851
0.848829	184.374547
0.849829	184.033420
0.850829	183.537927
0.851829	182.892689
0.852829	182.102476
0.853829	181.172191
0.854829	180.106857
0.855829	178.911598
0.856829	177.591623
0.857829	176.152215
0.858829	174.598710
0.859829	172.936487
0.860829	171.170945
0.861829	169.307495
0.862829	167.351539
0.863829	165.308456
0.864829	163.183590
0.865829	160.982226
0.866829	158.709584
0.867829	156.370796
0.868829	153.970895
0.869829	151.514795
0.870829	149.007285
0.871829	146.453017
0.872829	143.856517
0.873829	141.222178
0.874829	138.554266
0.875829	135.856921
0.876829	133.134158
0.877829	130.389868
0.878829	127.627822
0.879829	124.851668
0.880829	122.064937
0.881829	119.271042
0.882829	116.473281
0.883829	113.674837
0.884829	110.878780
0.885829	108.088071
0.886829	105.305559
0.887829	102.533986
0.888829	99.775986
0.889829	97.034090
0.890829	94.310725
0.891829	91.608213
0.892829	88.928780
0.893829	86.274549
0.894829	83.647550
0.895829	81.049712
0.896829	78.482873
0.897829	75.948777
0.898829	73.449076
0.899829	70.985335
0.900829	68.559026
0.901829	66.171538
0.902829	63.824174
0.903829	61.518151
0.904829	59.254607
0.905829	57.034597
0.906829	54.859098
0.907829	52.729008
0.908829	50.645150
0.909829	48.608272
0.910829	46.619050
0.911829	44.678086
0.912829	42.785915
0.913829	40.943000
0.914829	39.149740
0.915829	37.406466
0.916829	35.713448
0.917829	34.070891
0.918829	32.478940
0.919829	30.937681
0.920829	29.447142
0.921829	28.007293
0.922829	26.618052
0.923829	25.279281
0.924829	23.990793
0.925829	22.752348
0.926829	21.563659
0.927829	20.424390
0.928829	19.334163
0.929829	18.292552
0.930829	17.299089
0.931829	16.353268
0.932829	15.454538
0.933829	14.602316
0.934829	13.795978
0.935829	13.034866
0.936829	12.318289
0.937829	11.645525
0.938829	11.015820
0.939829	10.428391
0.940829	9.882429
0.941829	9.377097
0.942829	8.911537
0.943829	8.484864
0.944829	8.096174
0.945829	7.744544
0.946829	7.429031
0.947829	7.148676
0.948829	6.902505
0.949829	6.689529
0.950829	6.508749
0.951829	6.359154
0.952829	6.239723
0.953829	6.149429
0.954829	6.087239
0.955829	6.052114
0.956829	6.043012
0.957829	6.058892
0.958829	6.098710
0.959829	6.161425
0.960829	6.245999
0.961829	6.351398
0.962829	6.476594
0.963829	6.620568
0.964829	6.782309
0.965829	6.960817
0.966829	7.155103
0.967829	7.364195
0.968829	7.587131
0.969829	7.822971
0.970829	8.070791
0.971829	8.329686
0.972829	8.598773
0.973829	8.877193
0.974829	9.164110
0.975829	9.458711
0.976829	9.760211
0.977829	10.067846
0.978829	10.380876
0.979829	10.698585
0.980829	11.020280
0.981829	11.345290
0.982829	11.672966
0.983829	12.002684
0.984829	12.333839
0.985829	12.665848
0.986829	12.998151
0.987829	13.330206
0.988829	13.661496
0.989829	13.991519
0.990829	14.319798
0.991829	14.645873
0.992829	14.969305
0.993829	15.289672
0.994829	15.606574
0.995829	15.919627
0.996829	16.228468
0.997829	16.532749
0.998829	16.832142
0.999829	17.126336
1.000829	17.415036
1.001829	17.697966
1.002829	17.974864
1.003829	18.245487
1.004829	18.509607
1.005829	18.767010
1.006829	19.017500
1.007829	19.260895
1.008829	19.497028
1.009829	19.725745
1.010829	19.946909
1.011829	20.160396
1.012829	20.366094
1.013829	20.563906
1.014829	20.753748
1.015829	20.935549
1.016829	21.109250
1.017829	21.274803
1.018829	21.432175
1.019829	21.581341
1.020829	21.722290
1.021829	21.855021
1.022829	21.979544
1.023829	22.095880
1.024829	22.204058
1.025829	22.304119
1.026829	22.396114
1.027829	22.480100
1.028829	22.556147
1.029829	22.624332
1.030829	22.684739
1.031829	22.737462
1.032829	22.782602
1.033829	22.820268
1.034829	22.850576
1.035829	22.873649
1.036829	22.889616
1.037829	22.898613
1.038829	22.900783
1.039829	22.896272
1.040829	22.885235
1.041829	22.867829
1.042829	22.844217
1.043829	22.814569
1.044829	22.779054
1.045829	22.737851
1.046829	22.691139
1.047829	22.639100
1.048829	22.581922
1.049829	22.519794
1.050829	22.452908
1.051829	22.381457
1.052829	22.305638
1.053829	22.225648
1.054829	22.141687
1.055829	22.053955
1.056829	21.962652
1.057829	21.867980
1.058829	21.770141
1.059829	21.669337
1.060829	21.565768
1.061829	21.459635
1.062829	21.351138
1.063829	21.240474
1.064829	21.127842
1.065829	21.013435
1.066829	20.897446
1.067829	20.780066
1.068829	20.661482
1.069829	20.541879
1.070829	20.421439
1.071829	20.300338
1.072829	20.178751
1.073829	20.056847
1.074829	19.934791
1.075829	19.812745
1.076829	19.690862
1.077829	19.569294
1.078829	19.448184
1.079829	19.327671
1.080829	19.207888
1.081829	19.088963
1.082829	18.971017
1.083829	18.854168
1.084829	18.738526
1.085829	18.624197
1.086829	18.511284
1.087829	18.399880
1.088829	18.290078
1.089829	18.181963
1.090829	18.075616
1.091829	17.971114
1.092829	17.868528
1.093829	17.767926
1.094829	17.669368
1.095829	17.572915
1.096829	17.478619
1.097829	17.386529
1.098829	17.296692
1.099829	17.209147
1.100829	17.123931
1.101829	17.041078
1.102829	16.960616
1.103829	16.882571
1.104829	16.806964
1.105829	16.733812
1.106829	16.663130
1.107829	16.594928
1.108829	16.529213
1.109829	16.465990
1.110829	16.405258
1.111829	16.347014
1.112829	16.291253
1.113829	16.237966
1.114829	16.187141
1.115829	16.138762
1.116829	16.092813
1.117829	16.049272
1.118829	16.008117
1.119829	15.969321
1.120829	15.932857
1.121829	15.898693
1.122829	15.866798
1.123829	15.837134
1.124829	15.809665
1.125829	15.784351
1.126829	15.761150
1.127829	15.740018
1.128829	15.720911
1.129829	15.703779
1.130829	15.688574
1.131829	15.675246
1.132829	15.663741
1.133829	15.654006
1.134829	15.645985
1.135829	15.639621
1.136829	15.634856
1.137829	15.631632
1.138829	15.629887
1.139829	15.629560
1.140829	15.630589
1.141829	15.632910
1.142829	15.636459
1.143829	15.641171
1.144829	15.646982
1.145829	15.653824
1.146829	15.661630
1.147829	15.670335
1.148829	15.679870
1.149829	15.690168
1.150829	15.701161
1.151829	15.712781
1.152829	15.724960
1.153829	15.737629
1.154829	15.750721
1.155829	15.764169
1.156829	15.777904
1.157829	15.791859
1.158829	15.805969
1.159829	15.820167
1.160829	15.834386
1.161829	15.848563
1.162829	15.862633
1.163829	15.876533
1.164829	15.890199
1.165829	15.903571
1.166829	15.916589
1.167829	15.929191
1.168829	15.941322
1.169829	15.952923
1.170829	15.963939
1.171829	15.974316
1.172829	15.984001
1.173829	15.992943
1.174829	16.001093
1.175829	16.008404
1.176829	16.014829
1.177829	16.020324
1.178829	16.024848
1.179829	16.028361
1.180829	16.030824
1.181829	16.032203
1.182829	16.032464
1.183829	16.031576
1.184829	16.029511
1.185829	16.026241
1.186829	16.021743
1.187829	16.015994
1.188829	16.008974
1.189829	16.000666
1.190829	15.991053
1.191829	15.980122
1.192829	15.967861
1.193829	15.954259
1.194829	15.939308
1.195829	15.923003
1.196829	15.905339
1.197829	15.886313
1.198829	15.865924
1.199829	15.844174
1.200829	15.821064
1.201829	15.796600
1.202829	15.770786
1.203829	15.743630
1.204829	15.715142
1.205829	15.685331
1.206829	15.654209
1.207829	15.621789
1.208829	15.588087
1.209829	15.553119
1.210829	15.516901
1.211829	15.479452
1.212829	15.440793
1.213829	15.400944
1.214829	15.359928
1.215829	15.317768
1.216829	15.274488
1.217829	15.230114
1.218829	15.184674
1.219829	15.138193
1.220829	15.090702
1.221829	15.042229
1.222829	14.992804
1.223829	14.942460
1.224829	14.891228
1.225829	14.839140
1.226829	14.786231
1.227829	14.732535
1.228829	14.678086
1.229829	14.622920
1.230829	14.567073
1.231829	14.510582
1.232829	14.453484
1.233829	14.395817
1.234829	14.337619
1.235829	14.278929
1.236829	14.219784
1.237829	14.160226
1.238829	14.100292
1.239829	14.040024
1.240829	13.979461
1.241829	13.918643
1.242829	13.857611
1.243829	13.796406
1.244829	13.735067
1.245829	13.673637
1.246829	13.612154
1.247829	13.550661
1.248829	13.489198
1.249829	13.427804
1.250829	13.366522
1.251829	13.305390
1.252829	13.244448
1.253829	13.183738
1.254829	13.123298
1.255829	13.063166
1.256829	13.003383
1.257829	12.943987
1.258829	12.885015
1.259829	12.826505
1.260829	12.768495
1.261829	12.711020
1.262829	12.654117
1.263829	12.597821
1.264829	12.542166
1.265829	12.487188
1.266829	12.432919
1.267829	12.379391
1.268829	12.326638
1.269829	12.274689
1.270829	12.223574
1.271829	12.173324
1.272829	12.123965
1.273829	12.075527
1.274829	12.028034
1.275829	11.981512
1.276829	11.935986
1.277829	11.891478
1.278829	11.848011
1.279829	11.805606
1.280829	11.764281
1.281829	11.724055
1.282829	11.684945
1.283829	11.646967
1.284829	11.610135
1.285829	11.574462
1.286829	11.539960
1.287829	11.506638
1.288829	11.474506
1.289829	11.443569
1.290829	11.413835
1.291829	11.385308
1.292829	11.357990
1.293829	11.331884
1.294829	11.306990
1.295829	11.283308
1.296829	11.260836
1.297829	11.239570
1.298829	11.219506
1.299829	11.200639
1.300829	11.182963
1.301829	11.166469
1.302829	11.151148
1.303829	11.136992
1.304829	11.123989
1.305829	11.112128
1.306829	11.101395
1.307829	11.091776
1.308829	11.083258
1.309829	11.075824
1.310829	11.069458
1.311829	11.064142
1.312829	11.059859
1.313829	11.056589
1.314829	11.054312
1.315829	11.053008
1.316829	11.052656
1.317829	11.053233
1.318829	11.054718
1.319829	11.057086
1.320829	11.060313
1.321829	11.064375
1.322829	11.069247
1.323829	11.074903
1.324829	11.081316
1.325829	11.088460
1.326829	11.096307
1.327829	11.104831
1.328829	11.114001
1.329829	11.123790
1.330829	11.134170
1.331829	11.145109
1.332829	11.156579
1.333829	11.168549
1.334829	11.180990
1.335829	11.193870
1.336829	11.207158
1.337829	11.220824
1.338829	11.234836
1.339829	11.249163
1.340829	11.263773
1.341829	11.278634
1.342829	11.293715
1.343829	11.308983
1.344829	11.324407
1.345829	11.339954
1.346829	11.355593
1.347829	11.371292
1.348829	11.387018
1.349829	11.402740
1.350829	11.418426
1.351829	11.434045
1.352829	11.449564
1.353829	11.464953
1.354829	11.480181
1.355829	11.495216
1.356829	11.510028
1.357829	11.524587
1.358829	11.538862
1.359829	11.552824
1.360829	11.566443
1.361829	11.579690
1.362829	11.592537
1.363829	11.604955
1.364829	11.616917
1.365829	11.628394
1.366829	11.639361
1.367829	11.649791
1.368829	11.659658
1.369829	11.668937
1.370829	11.677603
1.371829	11.685632
1.372829	11.693001
1.373829	11.699687
1.374829	11.705668
1.375829	11.710923
1.376829	11.715430
1.377829	11.719171
1.378829	11.722126
1.379829	11.724277
1.380829	11.725606
1.381829	11.726097
1.382829	11.725734
1.383829	11.724502
1.384829	11.722389
1.385829	11.719379
1.386829	11.715463
1.387829	11.710629
1.388829	11.704866
1.389829	11.698167
1.390829	11.690523
1.391829	11.681928
1.392829	11.672376
1.393829	11.661863
1.394829	11.650386
1.395829	11.637941
1.396829	11.624527
1.397829	11.610144
1.398829	11.594792
1.399829	11.578473
1.400829	11.561189
1.401829	11.542943
1.402829	11.523740
1.403829	11.503584
1.404829	11.482481
1.405829	11.460438
1.406829	11.437462
1.407829	11.413562
1.408829	11.388747
1.409829	11.363026
1.410829	11.336411
1.411829	11.308912
1.412829	11.280541
1.413829	11.251312
1.414829	11.221237
1.415829	11.190330
1.416829	11.158607
1.417829	11.126082
1.418829	11.092771
1.419829	11.058691
1.420829	11.023859
1.421829	10.988291
1.422829	10.952007
1.423829	10.915025
1.424829	10.877363
1.425829	10.839041
1.426829	10.800079
1.427829	10.760498
1.428829	10.720318
1.429829	10.679560
1.430829	10.638246
1.431829	10.596399
1.432829	10.554039
1.433829	10.511189
1.434829	10.467873
1.435829	10.424114
1.436829	10.379934
1.437829	10.335358
1.438829	10.290410
1.439829	10.245113
1.440829	10.199491
1.441829	10.153570
1.442829	10.107373
1.443829	10.060926
1.444829	10.014254
1.445829	9.967380
1.446829	9.920331
1.447829	9.873130
1.448829	9.825805
1.449829	9.778378
1.450829	9.730877
1.451829	9.683325
1.452829	9.635748
1.453829	9.588171
1.454829	9.540619
1.455829	9.493117
1.456829	9.445690
1.457829	9.398361
1.458829	9.351157
1.459829	9.304100
1.460829	9.257216
1.461829	9.210528
1.462829	9.164061
1.463829	9.117837
1.464829	9.071880
1.465829	9.026213
1.466829	8.980858
1.467829	8.935839
1.468829	8.891177
1.469829	8.846894
1.470829	8.803011
1.471829	8.759550
1.472829	8.716531
1.473829	8.673974
1.474829	8.631899
1.475829	8.590325
1.476829	8.549271
1.477829	8.508756
1.478829	8.468797
1.479829	8.429412
1.480829	8.390617
1.481829	8.352429
1.482829	8.314863
1.483829	8.277934
1.484829	8.241657
1.485829	8.206045
1.486829	8.171112
1.487829	8.136870
1.488829	8.103330
1.489829	8.070505
1.490829	8.038403
1.491829	8.007034
1.492829	7.976408
1.493829	7.946533
1.494829	7.917415
1.495829	7.889061
1.496829	7.861476
1.497829	7.834666
1.498829	7.808634
1.499829	7.783384
1.500829	7.758917
1.501829	7.735237
1.502829	7.712344
1.503829	7.690238
1.504829	7.668919
1.505829	7.648385
1.506829	7.628636
1.507829	7.609669
1.508829	7.591481
1.509829	7.574068
1.510829	7.557426
1.511829	7.541550
1.512829	7.526435
1.513829	7.512074
1.514829	7.498462
1.515829	7.485590
1.516829	7.473452
1.517829	7.462040
1.518829	7.451343
1.519829	7.441354
1.520829	7.432063
1.521829	7.423459
1.522829	7.415531
1.523829	7.408270
1.524829	7.401663
1.525829	7.395699
1.526829	7.390365
1.527829	7.385648
1.528829	7.381536
1.529829	7.378015
1.530829	7.375072
1.531829	7.372691
1.532829	7.370859
1.533829	7.369562
1.534829	7.368783
1.535829	7.368509
1.536829	7.368722
1.537829	7.369408
1.538829	7.370550
1.539829	7.372132
1.540829	7.374137
1.541829	7.376549
1.542829	7.379350
1.543829	7.382525
1.544829	7.386054
1.545829	7.389922
1.546829	7.394110
1.547829	7.398601
1.548829	7.403377
1.549829	7.408420
1.550829	7.413712
1.551829	7.419235
1.552829	7.424972
1.553829	7.430903
1.554829	7.437010
1.555829	7.443277
1.556829	7.449684
1.557829	7.456213
1.558829	7.462846
1.559829	7.469564
1.560829	7.476351
1.561829	7.483188
1.562829	7.490056
1.563829	7.496939
1.564829	7.503818
1.565829	7.510675
1.566829	7.517494
1.567829	7.524257
1.568829	7.530947
1.569829	7.537546
1.570829	7.544038
1.571829	7.550406
1.572829	7.556634
1.573829	7.562705
1.574829	7.568604
1.575829	7.574315
1.576829	7.579823
1.577829	7.585111
1.578829	7.590166
1.579829	7.594972
1.580829	7.599516
1.581829	7.603783
1.582829	7.607760
1.583829	7.611434
1.584829	7.614791
1.585829	7.617820
1.586829	7.620507
1.587829	7.622842
1.588829	7.624813
1.589829	7.626409
1.590829	7.627620
1.591829	7.628436
1.592829	7.628847
1.593829	7.628845
1.594829	7.628420
1.595829	7.627566
1.596829	7.626275
1.597829	7.624539
1.598829	7.622352
1.599829	7.619709
1.600829	7.616604
1.601829	7.613033
1.602829	7.608992
1.603829	7.604477
1.604829	7.599485
1.605829	7.594013
1.606829	7.588059
1.607829	7.581622
1.608829	7.574701
1.609829	7.567295
1.610829	7.559404
1.611829	7.551028
1.612829	7.542169
1.613829	7.532827
1.614829	7.523003
1.615829	7.512701
1.616829	7.501923
1.617829	7.490671
1.618829	7.478949
1.619829	7.466761
1.620829	7.454110
1.621829	7.441001
1.622829	7.427439
1.623829	7.413430
1.624829	7.398978
1.625829	7.384090
1.626829	7.368771
1.627829	7.353029
1.628829	7.336869
1.629829	7.320300
1.630829	7.303329
1.631829	7.285962
1.632829	7.268210
1.633829	7.250078
1.634829	7.231577
1.635829	7.212714
1.636829	7.193500
1.637829	7.173942
1.638829	7.154051
1.639829	7.133836
1.640829	7.113307
1.641829	7.092474
1.642829	7.071347
1.643829	7.049937
1.644829	7.028255
1.645829	7.006311
1.646829	6.984115
1.647829	6.961680
1.648829	6.939017
1.649829	6.916136
1.650829	6.893049
1.651829	6.869767
1.652829	6.846303
1.653829	6.822668
1.654829	6.798874
1.655829	6.774932
1.656829	6.750856
1.657829	6.726656
1.658829	6.702345
1.659829	6.677934
1.660829	6.653437
1.661829	6.628865
1.662829	6.604230
1.663829	6.579545
1.664829	6.554821
1.665829	6.530072
1.666829	6.505308
1.667829	6.480542
1.668829	6.455786
1.669829	6.431052
1.670829	6.406353
1.671829	6.381699
1.672829	6.357103
1.673829	6.332576
1.674829	6.308130
1.675829	6.283777
1.676829	6.259528
1.677829	6.235394
1.678829	6.211386
1.679829	6.187516
1.680829	6.163794
1.681829	6.140231
1.682829	6.116837
1.683829	6.093624
1.684829	6.070600
1.685829	6.047777
1.686829	6.025163
1.687829	6.002769
1.688829	5.980604
1.689829	5.958676
1.690829	5.936996
1.691829	5.915571
1.692829	5.894411
1.693829	5.873522
1.694829	5.852914
1.695829	5.832593
1.696829	5.812567
1.697829	5.792844
1.698829	5.773429
1.699829	5.754329
1.700829	5.735551
1.701829	5.717099
1.702829	5.698981
1.703829	5.681199
1.704829	5.663760
1.705829	5.646667
1.706829	5.629925
1.707829	5.613538
1.708829	5.597508
1.709829	5.581839
1.710829	5.566534
1.711829	5.551594
1.712829	5.537023
1.713829	5.522822
1.714829	5.508993
1.715829	5.495536
1.716829	5.482453
1.717829	5.469745
1.718829	5.457412
1.719829	5.445453
1.720829	5.433870
1.721829	5.422661
1.722829	5.411826
1.723829	5.401364
1.724829	5.391274
1.725829	5.381554
1.726829	5.372204
1.727829	5.363220
1.728829	5.354601
1.729829	5.346345
1.730829	5.338449
1.731829	5.330910
1.732829	5.323726
1.733829	5.316893
1.734829	5.310409
1.735829	5.304268
1.736829	5.298469
1.737829	5.293006
1.738829	5.287876
1.739829	5.283075
1.740829	5.278598
1.741829	5.274440
1.742829	5.270597
1.743829	5.267064
1.744829	5.263837
1.745829	5.260908
1.746829	5.258274
1.747829	5.255930
1.748829	5.253868
1.749829	5.252084
1.750829	5.250572
1.751829	5.249326
1.752829	5.248340
1.753829	5.247608
1.754829	5.247123
1.755829	5.246879
1.756829	5.246870
1.757829	5.247089
1.758829	5.247529
1.759829	5.248185
1.760829	5.249049
1.761829	5.250114
1.762829	5.251374
1.763829	5.252821
1.764829	5.254449
1.765829	5.256251
1.766829	5.258219
1.767829	5.260347
1.768829	5.262627
1.769829	5.265052
1.770829	5.267616
1.771829	5.270310
1.772829	5.273128
1.773829	5.276063
1.774829	5.279106
1.775829	5.282253
1.776829	5.285494
1.777829	5.288822
1.778829	5.292232
1.779829	5.295715
1.780829	5.299264
1.781829	5.302873
1.782829	5.306534
1.783829	5.310241
1.784829	5.313986
1.785829	5.317762
1.786829	5.321563
1.787829	5.325383
1.788829	5.329213
1.789829	5.333048
1.790829	5.336882
1.791829	5.340707
1.792829	5.344517
1.793829	5.348307
1.794829	5.352069
1.795829	5.355798
1.796829	5.359489
1.797829	5.363134
1.798829	5.366728
1.799829	5.370266
1.800829	5.373742
1.801829	5.377151
1.802829	5.380487
1.803829	5.383746
1.804829	5.386923
1.805829	5.390013
1.806829	5.393010
1.807829	5.395912
1.808829	5.398713
1.809829	5.401409
1.810829	5.403996
1.811829	5.406471
1.812829	5.408830
1.813829	5.411069
1.814829	5.413185
1.815829	5.415175
1.816829	5.417035
1.817829	5.418763
1.818829	5.420356
1.819829	5.421811
1.820829	5.423126
1.821829	5.424298
1.822829	5.425325
1.823829	5.426206
1.824829	5.426937
1.825829	5.427518
1.826829	5.427946
1.827829	5.428219
1.828829	5.428338
1.829829	5.428299
1.830829	5.428102
1.831829	5.427746
1.832829	5.427229
1.833829	5.426551
1.834829	5.425712
1.835829	5.424709
1.836829	5.423544
1.837829	5.422215
1.838829	5.420722
1.839829	5.419065
1.840829	5.417244
1.841829	5.415258
1.842829	5.413108
1.843829	5.410794
1.844829	5.408317
1.845829	5.405676
1.846829	5.402871
1.847829	5.399905
1.848829	5.396776
1.849829	5.393486
1.850829	5.390036
1.851829	5.386427
1.852829	5.382659
1.853829	5.378733
1.854829	5.374651
1.855829	5.370414
1.856829	5.366022
1.857829	5.361478
1.858829	5.356783
1.859829	5.351938
1.860829	5.346945
1.861829	5.341804
1.862829	5.336519
1.863829	5.331091
1.864829	5.325520
1.865829	5.319810
1.866829	5.313962
1.867829	5.307978
1.868829	5.301860
1.869829	5.295610
1.870829	5.289230
1.871829	5.282722
1.872829	5.276089
1.873829	5.269331
1.874829	5.262453
1.875829	5.255456
1.876829	5.248342
1.877829	5.241113
1.878829	5.233773
1.879829	5.226323
1.880829	5.218766
1.881829	5.211104
1.882829	5.203340
1.883829	5.195476
1.884829	5.187516
1.885829	5.179460
1.886829	5.171312
1.887829	5.163075
1.888829	5.154751
1.889829	5.146343
1.890829	5.137853
1.891829	5.129284
1.892829	5.120638
1.893829	5.111919
1.894829	5.103128
1.895829	5.094269
1.896829	5.085344
1.897829	5.076355
1.898829	5.067306
1.899829	5.058198
1.900829	5.049036
1.901829	5.039820
1.902829	5.030554
1.903829	5.021240
1.904829	5.011881
1.905829	5.002479
1.906829	4.993037
1.907829	4.983557
1.908829	4.974042
1.909829	4.964495
1.910829	4.954917
1.911829	4.945311
1.912829	4.935679
1.913829	4.926024
1.914829	4.916348
1.915829	4.906654
1.916829	4.896942
1.917829	4.887217
1.918829	4.877479
1.919829	4.867732
1.920829	4.857977
1.921829	4.848215
1.922829	4.838451
1.923829	4.828684
1.924829	4.818918
1.925829	4.809154
1.926829	4.799395
1.927829	4.789642
1.928829	4.779897
1.929829	4.770161
1.930829	4.760438
1.931829	4.750728
1.932829	4.741034
1.933829	4.731357
1.934829	4.721698
1.935829	4.712061
1.936829	4.702445
1.937829	4.692853
1.938829	4.683287
1.939829	4.673748
1.940829	4.664238
1.941829	4.654758
1.942829	4.645309
1.943829	4.635894
1.944829	4.626513
1.945829	4.617169
1.946829	4.607862
1.947829	4.598593
1.948829	4.589365
1.949829	4.580179
1.950829	4.571035
1.951829	4.561935
1.952829	4.552881
1.953829	4.543873
1.954829	4.534913
1.955829	4.526002
1.956829	4.517141
1.957829	4.508331
1.958829	4.499573
1.959829	4.490869
1.960829	4.482219
1.961829	4.473624
1.962829	4.465085
1.963829	4.456604
1.964829	4.448181
1.965829	4.439818
1.966829	4.431514
1.967829	4.423271
1.968829	4.415090
1.969829	4.406971
1.970829	4.398916
1.971829	4.390925
1.972829	4.382999
1.973829	4.375138
1.974829	4.367343
1.975829	4.359616
1.976829	4.351956
1.977829	4.344364
1.978829	4.336840
1.979829	4.329387
1.980829	4.322003
1.981829	4.314689
1.982829	4.307446
1.983829	4.300275
1.984829	4.293176
1.985829	4.286148
1.986829	4.279194
1.987829	4.272312
1.988829	4.265504
1.989829	4.258770
1.990829	4.252109
1.991829	4.245523
1.992829	4.239012
1.993829	4.232576
1.994829	4.226214
1.995829	4.219928
1.996829	4.213717
1.997829	4.207582
1.998829	4.201523
1.999829	4.195539
2.000829	4.189632
2.001829	4.183801
2.002829	4.178045
2.003829	4.172366
2.004829	4.166763
2.005829	4.161236
2.006829	4.155784
2.007829	4.150409
2.008829	4.145110
2.009829	4.139887
2.010829	4.134739
2.011829	4.129667
2.012829	4.124670
2.013829	4.119748
2.014829	4.114901
2.015829	4.110129
2.016829	4.105432
2.017829	4.100809
2.018829	4.096259
2.019829	4.091783
2.020829	4.087381
2.021829	4.083051
2.022829	4.078794
2.023829	4.074609
2.024829	4.070496
2.025829	4.066454
2.026829	4.062484
2.027829	4.058583
2.028829	4.054753
2.029829	4.050992
2.030829	4.047300
2.031829	4.043677
2.032829	4.040121
2.033829	4.036633
2.034829	4.033212
2.035829	4.029857
2.036829	4.026567
2.037829	4.023343
2.038829	4.020183
2.039829	4.017087
2.040829	4.014054
2.041829	4.011083
2.042829	4.008174
2.043829	4.005326
2.044829	4.002538
2.045829	3.999810
2.046829	3.997142
2.047829	3.994531
2.048829	3.991977
2.049829	3.989481
2.050829	3.987040
2.051829	3.984654
2.052829	3.982323
2.053829	3.980045
2.054829	3.977821
2.055829	3.975647
2.056829	3.973525
2.057829	3.971454
2.058829	3.969432
2.059829	3.967458
2.060829	3.965532
2.061829	3.963653
2.062829	3.961820
2.063829	3.960032
2.064829	3.958288
2.065829	3.956587
2.066829	3.954929
2.067829	3.953313
2.068829	3.951737
2.069829	3.950201
2.070829	3.948704
2.071829	3.947244
2.072829	3.945822
2.073829	3.944435
2.074829	3.943084
2.075829	3.941767
2.076829	3.940483
2.077829	3.939232
2.078829	3.938012
2.079829	3.936822
2.080829	3.935662
2.081829	3.934531
2.082829	3.933427
2.083829	3.932350
2.084829	3.931299
2.085829	3.930272
2.086829	3.929269
2.087829	3.928289
2.088829	3.927332
2.089829	3.926395
2.090829	3.925478
2.091829	3.924581
2.092829	3.923701
2.093829	3.922839
2.094829	3.921994
2.095829	3.921164
2.096829	3.920348
2.097829	3.919546
2.098829	3.918757
2.099829	3.917979
2.100829	3.917213
2.101829	3.916456
2.102829	3.915709
2.103829	3.914969
2.104829	3.914237
2.105829	3.913512
2.106829	3.912792
2.107829	3.912077
2.108829	3.911365
2.109829	3.910657
2.110829	3.909951
2.111829	3.909246
2.112829	3.908542
2.113829	3.907837
2.114829	3.907131
2.115829	3.906423
2.116829	3.905713
2.117829	3.904999
2.118829	3.904281
2.119829	3.903558
2.120829	3.902829
2.121829	3.902093
2.122829	3.901351
2.123829	3.900600
2.124829	3.899841
2.125829	3.899072
2.126829	3.898294
2.127829	3.897504
2.128829	3.896703
2.129829	3.895890
2.130829	3.895065
2.131829	3.894226
2.132829	3.893373
2.133829	3.892506
2.134829	3.891623
2.135829	3.890725
2.136829	3.889811
2.137829	3.888879
2.138829	3.887930
2.139829	3.886963
2.140829	3.885978
2.141829	3.884973
2.142829	3.883949
2.143829	3.882904
2.144829	3.881839
2.145829	3.880753
2.146829	3.879646
2.147829	3.878516
2.148829	3.877364
2.149829	3.876188
2.150829	3.874990
2.151829	3.873767
2.152829	3.872521
2.153829	3.871250
2.154829	3.869953
2.155829	3.868632
2.156829	3.867284
2.157829	3.865910
2.158829	3.864510
2.159829	3.863083
2.160829	3.861629
2.161829	3.860147
2.162829	3.858638
2.163829	3.857100
2.164829	3.855534
2.165829	3.853939
2.166829	3.852316
2.167829	3.850663
2.168829	3.848980
2.169829	3.847268
2.170829	3.845526
2.171829	3.843754
2.172829	3.841952
2.173829	3.840119
2.174829	3.838255
2.175829	3.836360
2.176829	3.834434
2.177829	3.832477
2.178829	3.830489
2.179829	3.828469
2.180829	3.826417
2.181829	3.824334
2.182829	3.822219
2.183829	3.820072
2.184829	3.817892
2.185829	3.815681
2.186829	3.813438
2.187829	3.811162
2.188829	3.808854
2.189829	3.806514
2.190829	3.804141
2.191829	3.801736
2.192829	3.799299
2.193829	3.796830
2.194829	3.794328
2.195829	3.791794
2.196829	3.789228
2.197829	3.786629
2.198829	3.783999
2.199829	3.781336
2.200829	3.778641
2.201829	3.775915
2.202829	3.773157
2.203829	3.770367
2.204829	3.767546
2.205829	3.764693
2.206829	3.761809
2.207829	3.758894
2.208829	3.755949
2.209829	3.752972
2.210829	3.749965
2.211829	3.746927
2.212829	3.743860
2.213829	3.740762
2.214829	3.737635
2.215829	3.734478
2.216829	3.731292
2.217829	3.728077
2.218829	3.724833
2.219829	3.721562
2.220829	3.718261
2.221829	3.714933
2.222829	3.711578
2.223829	3.708195
2.224829	3.704786
2.225829	3.701350
2.226829	3.697888
2.227829	3.694400
2.228829	3.690887
2.229829	3.687348
2.230829	3.683785
2.231829	3.680198
2.232829	3.676587
2.233829	3.672952
2.234829	3.669295
2.235829	3.665614
2.236829	3.661912
2.237829	3.658188
2.238829	3.654443
2.239829	3.650676
2.240829	3.646890
2.241829	3.643083
2.242829	3.639258
2.243829	3.635413
2.244829	3.631550
2.245829	3.627669
2.246829	3.623770
2.247829	3.619854
2.248829	3.615923
2.249829	3.611975
2.250829	3.608011
2.251829	3.604033
2.252829	3.600041
2.253829	3.596034
2.254829	3.592015
2.255829	3.587982
2.256829	3.583937
2.257829	3.579881
2.258829	3.575813
2.259829	3.571735
2.260829	3.567647
2.261829	3.563549
2.262829	3.559442
2.263829	3.555326
2.264829	3.551203
2.265829	3.547073
2.266829	3.542935
2.267829	3.538791
2.268829	3.534642
2.269829	3.530488
2.270829	3.526328
2.271829	3.522165
2.272829	3.517998
2.273829	3.513829
2.274829	3.509657
2.275829	3.505483
2.276829	3.501307
2.277829	3.497131
2.278829	3.492955
2.279829	3.488778
2.280829	3.484603
2.281829	3.480429
2.282829	3.476257
2.283829	3.472087
2.284829	3.467920
2.285829	3.463756
2.286829	3.459596
2.287829	3.455441
2.288829	3.451290
2.289829	3.447145
2.290829	3.443006
2.291829	3.438873
2.292829	3.434747
2.293829	3.430628
2.294829	3.426517
2.295829	3.422414
2.296829	3.418320
2.297829	3.414234
2.298829	3.410159
2.299829	3.406093
2.300829	3.402038
2.301829	3.397994
2.302829	3.393960
2.303829	3.389939
2.304829	3.385929
2.305829	3.381932
2.306829	3.377947
2.307829	3.373976
2.308829	3.370018
2.309829	3.366074
2.310829	3.362144
2.311829	3.358228
2.312829	3.354327
2.313829	3.350442
2.314829	3.346571
2.315829	3.342716
2.316829	3.338877
2.317829	3.335055
2.318829	3.331248
2.319829	3.327458
2.320829	3.323686
2.321829	3.319930
2.322829	3.316191
2.323829	3.312470
2.324829	3.308766
2.325829	3.305080
2.326829	3.301412
2.327829	3.297762
2.328829	3.294130
2.329829	3.290517
2.330829	3.286921
2.331829	3.283344
2.332829	3.279786
2.333829	3.276246
2.334829	3.272724
2.335829	3.269221
2.336829	3.265737
2.337829	3.262271
2.338829	3.258823
2.339829	3.255394
2.340829	3.251984
2.341829	3.248592
2.342829	3.245218
2.343829	3.241863
2.344829	3.238525
2.345829	3.235206
2.346829	3.231905
2.347829	3.228622
2.348829	3.225357
2.349829	3.222110
2.350829	3.218880
2.351829	3.215667
2.352829	3.212472
2.353829	3.209294
2.354829	3.206134
2.355829	3.202990
2.356829	3.199862
2.357829	3.196751
2.358829	3.193657
2.359829	3.190579
2.360829	3.187517
2.361829	3.184470
2.362829	3.181439
2.363829	3.178424
2.364829	3.175424
2.365829	3.172438
2.366829	3.169468
2.367829	3.166512
2.368829	3.163571
2.369829	3.160643
2.370829	3.157730
2.371829	3.154830
2.372829	3.151944
2.373829	3.149071
2.374829	3.146211
2.375829	3.143364
2.376829	3.140530
2.377829	3.137708
2.378829	3.134898
2.379829	3.132100
2.380829	3.129313
2.381829	3.126539
2.382829	3.123775
2.383829	3.121023
2.384829	3.118281
2.385829	3.115550
2.386829	3.112830
2.387829	3.110119
2.388829	3.107419
2.389829	3.104728
2.390829	3.102048
2.391829	3.099376
2.392829	3.096714
2.393829	3.094061
2.394829	3.091417
2.395829	3.088781
2.396829	3.086154
2.397829	3.083535
2.398829	3.080925
2.399829	3.078323
2.400829	3.075728
2.401829	3.073142
2.402829	3.070563
2.403829	3.067992
2.404829	3.065428
2.405829	3.062872
2.406829	3.060323
2.407829	3.057781
2.408829	3.055246
2.409829	3.052718
2.410829	3.050197
2.411829	3.047683
2.412829	3.045176
2.413829	3.042676
2.414829	3.040183
2.415829	3.037697
2.416829	3.035217
2.417829	3.032745
2.418829	3.030279
2.419829	3.027821
2.420829	3.025369
2.421829	3.022924
2.422829	3.020487
2.423829	3.018057
2.424829	3.015634
2.425829	3.013219
2.426829	3.010812
2.427829	3.008412
2.428829	3.006020
2.429829	3.003636
2.430829	3.001261
2.431829	2.998894
2.432829	2.996537
2.433829	2.994188
2.434829	2.991848
2.435829	2.989518
2.436829	2.987198
2.437829	2.984888
2.438829	2.982589
2.439829	2.980300
2.440829	2.978023
2.441829	2.975757
2.442829	2.973503
2.443829	2.971261
2.444829	2.969032
2.445829	2.966816
2.446829	2.964614
2.447829	2.962425
2.448829	2.960251
2.449829	2.958091
2.450829	2.955947
2.451829	2.953818
2.452829	2.951705
2.453829	2.949609
2.454829	2.947530
2.455829	2.945468
2.456829	2.943424
2.457829	2.941399
2.458829	2.939393
2.459829	2.937406
2.460829	2.935439
2.461829	2.933492
2.462829	2.931567
2.463829	2.929663
2.464829	2.927781
2.465829	2.925921
2.466829	2.924084
2.467829	2.922271
2.468829	2.920482
2.469829	2.918717
2.470829	2.916977
2.471829	2.915263
2.472829	2.913575
2.473829	2.911913
2.474829	2.910278
2.475829	2.908671
2.476829	2.907092
2.477829	2.905541
2.478829	2.904020
2.479829	2.902527
2.480829	2.901065
2.481829	2.899633
2.482829	2.898232
2.483829	2.896862
2.484829	2.895524
2.485829	2.894218
2.486829	2.892945
2.487829	2.891705
2.488829	2.890499
2.489829	2.889326
2.490829	2.888187
2.491829	2.887084
2.492829	2.886015
2.493829	2.884981
2.494829	2.883984
2.495829	2.883022
2.496829	2.882097
2.497829	2.881209
2.498829	2.880357
2.499829	2.879543
2.500829	2.878766
2.501829	2.878028
2.502829	2.877327
2.503829	2.876665
2.504829	2.876041
2.505829	2.875456
2.506829	2.874910
2.507829	2.874403
2.508829	2.873935
2.509829	2.873506
2.510829	2.873117
2.511829	2.872767
2.512829	2.872457
2.513829	2.872187
2.514829	2.871956
2.515829	2.871764
2.516829	2.871613
2.517829	2.871501
2.518829	2.871428
2.519829	2.871395
2.520829	2.871401
2.521829	2.871447
2.522829	2.871531
2.523829	2.871655
2.524829	2.871817
2.525829	2.872017
2.526829	2.872256
2.527829	2.872532
2.528829	2.872847
2.529829	2.873198
2.530829	2.873586
2.531829	2.874011
2.532829	2.874472
2.533829	2.874968
2.534829	2.875499
2.535829	2.876066
2.536829	2.876666
2.537829	2.877300
2.538829	2.877966
2.539829	2.878665
2.540829	2.879396
2.541829	2.880157
2.542829	2.880949
2.543829	2.881770
2.544829	2.882621
2.545829	2.883499
2.546829	2.884404
2.547829	2.885336
2.548829	2.886293
2.549829	2.887274
2.550829	2.888280
2.551829	2.889308
2.552829	2.890358
2.553829	2.891430
2.554829	2.892521
2.555829	2.893631
2.556829	2.894759
2.557829	2.895904
2.558829	2.897065
2.559829	2.898242
2.560829	2.899432
2.561829	2.900634
2.562829	2.901849
2.563829	2.903074
2.564829	2.904308
2.565829	2.905552
2.566829	2.906802
2.567829	2.908058
2.568829	2.909320
2.569829	2.910585
2.570829	2.911853
2.571829	2.913123
2.572829	2.914393
2.573829	2.915662
2.574829	2.916929
2.575829	2.918193
2.576829	2.919453
2.577829	2.920708
2.578829	2.921955
2.579829	2.923195
2.580829	2.924426
2.581829	2.925647
2.582829	2.926856
2.583829	2.928052
2.584829	2.929235
2.585829	2.930404
2.586829	2.931556
2.587829	2.932690
2.588829	2.933807
2.589829	2.934904
2.590829	2.935980
2.591829	2.937034
2.592829	2.938066
2.593829	2.939074
2.594829	2.940056
2.595829	2.941012
2.596829	2.941942
2.597829	2.942842
2.598829	2.943714
2.599829	2.944554
2.600829	2.945364
2.601829	2.946141
2.602829	2.946885
2.603829	2.947594
2.604829	2.948267
2.605829	2.948905
2.606829	2.949505
2.607829	2.950067
2.608829	2.950590
2.609829	2.951073
2.610829	2.951516
2.611829	2.951916
2.612829	2.952275
2.613829	2.952590
2.614829	2.952862
2.615829	2.953089
2.616829	2.953270
2.617829	2.953406
2.618829	2.953495
2.619829	2.953537
2.620829	2.953531
2.621829	2.953477
2.622829	2.953373
2.623829	2.953221
2.624829	2.953018
2.625829	2.952766
2.626829	2.952462
2.627829	2.952108
2.628829	2.951702
2.629829	2.951244
2.630829	2.950735
2.631829	2.950173
2.632829	2.949559
2.633829	2.948892
2.634829	2.948173
2.635829	2.947401
2.636829	2.946576
2.637829	2.945699
2.638829	2.944769
2.639829	2.943786
2.640829	2.942751
2.641829	2.941663
2.642829	2.940523
2.643829	2.939331
2.644829	2.938088
2.645829	2.936794
2.646829	2.935448
2.647829	2.934053
2.648829	2.932607
2.649829	2.931111
2.650829	2.929567
2.651829	2.927974
2.652829	2.926333
2.653829	2.924645
2.654829	2.922910
2.655829	2.921129
2.656829	2.919303
2.657829	2.917432
2.658829	2.915518
2.659829	2.913560
2.660829	2.911560
2.661829	2.909519
2.662829	2.907437
2.663829	2.905316
2.664829	2.903156
2.665829	2.900959
2.666829	2.898724
2.667829	2.896454
2.668829	2.894149
2.669829	2.891810
2.670829	2.889438
2.671829	2.887035
2.672829	2.884601
2.673829	2.882137
2.674829	2.879646
2.675829	2.877126
2.676829	2.874581
2.677829	2.872011
2.678829	2.869417
2.679829	2.866800
2.680829	2.864162
2.681829	2.861503
2.682829	2.858825
2.683829	2.856130
2.684829	2.853418
2.685829	2.850691
2.686829	2.847949
2.687829	2.845195
2.688829	2.842429
2.689829	2.839652
2.690829	2.836866
2.691829	2.834073
2.692829	2.831273
2.693829	2.828467
2.694829	2.825658
2.695829	2.822846
2.696829	2.820032
2.697829	2.817217
2.698829	2.814404
2.699829	2.811593
2.700829	2.808786
2.701829	2.805983
2.702829	2.803186
2.703829	2.800396
2.704829	2.797615
2.705829	2.794843
2.706829	2.792082
2.707829	2.789333
2.708829	2.786598
2.709829	2.783876
2.710829	2.781171
2.711829	2.778482
2.712829	2.775810
2.713829	2.773158
2.714829	2.770526
2.715829	2.767915
2.716829	2.765326
2.717829	2.762761
2.718829	2.760219
2.719829	2.757703
2.720829	2.755214
2.721829	2.752751
2.722829	2.750317
2.723829	2.747912
2.724829	2.745538
2.725829	2.743194
2.726829	2.740882
2.727829	2.738603
2.728829	2.736357
2.729829	2.734145
2.730829	2.731969
2.731829	2.729828
2.732829	2.727724
2.733829	2.725656
2.734829	2.723627
2.735829	2.721636
2.736829	2.719684
2.737829	2.717771
2.738829	2.715898
2.739829	2.714066
2.740829	2.712274
2.741829	2.710524
2.742829	2.708815
2.743829	2.707149
2.744829	2.705524
2.745829	2.703942
2.746829	2.702403
2.747829	2.700906
2.748829	2.699452
2.749829	2.698042
2.750829	2.696674
2.751829	2.695350
2.752829	2.694069
2.753829	2.692831
2.754829	2.691636
2.755829	2.690484
2.756829	2.689374
2.757829	2.688307
2.758829	2.687283
2.759829	2.686301
2.760829	2.685360
2.761829	2.684462
2.762829	2.683604
2.763829	2.682788
2.764829	2.682012
2.765829	2.681276
2.766829	2.680580
2.767829	2.679923
2.768829	2.679305
2.769829	2.678725
2.770829	2.678183
2.771829	2.677678
2.772829	2.677210
2.773829	2.676778
2.774829	2.676381
2.775829	2.676019
2.776829	2.675691
2.777829	2.675397
2.778829	2.675135
2.779829	2.674906
2.780829	2.674708
2.781829	2.674540
2.782829	2.674402
2.783829	2.674293
2.784829	2.674213
2.785829	2.674160
2.786829	2.674133
2.787829	2.674132
2.788829	2.674156
2.789829	2.674204
2.790829	2.674275
2.791829	2.674369
2.792829	2.674483
2.793829	2.674619
2.794829	2.674773
2.795829	2.674946
2.796829	2.675137
2.797829	2.675345
2.798829	2.675568
2.799829	2.675806
2.800829	2.676058
2.801829	2.676323
2.802829	2.676600
2.803829	2.676887
2.804829	2.677185
2.805829	2.677491
2.806829	2.677805
2.807829	2.678126
2.808829	2.678454
2.809829	2.678786
2.810829	2.679122
2.811829	2.679461
2.812829	2.679802
2.813829	2.680143
2.814829	2.680485
2.815829	2.680826
2.816829	2.681165
2.817829	2.681501
2.818829	2.681833
2.819829	2.682160
2.820829	2.682481
2.821829	2.682795
2.822829	2.683102
2.823829	2.683399
2.824829	2.683687
2.825829	2.683965
2.826829	2.684231
2.827829	2.684484
2.828829	2.684724
2.829829	2.684950
2.830829	2.685161
2.831829	2.685356
2.832829	2.685534
2.833829	2.685694
2.834829	2.685836
2.835829	2.685958
2.836829	2.686061
2.837829	2.686142
2.838829	2.686202
2.839829	2.686240
2.840829	2.686254
2.841829	2.686245
2.842829	2.686211
2.843829	2.686152
2.844829	2.686067
2.845829	2.685956
2.846829	2.685818
2.847829	2.685652
2.848829	2.685457
2.849829	2.685234
2.850829	2.684982
2.851829	2.684700
2.852829	2.684387
2.853829	2.684044
2.854829	2.683670
2.855829	2.683264
2.856829	2.682826
2.857829	2.682355
2.858829	2.681852
2.859829	2.681316
2.860829	2.680746
2.861829	2.680143
2.862829	2.679506
2.863829	2.678835
2.864829	2.678129
2.865829	2.677389
2.866829	2.676613
2.867829	2.675803
2.868829	2.674958
2.869829	2.674077
2.870829	2.673161
2.871829	2.672210
2.872829	2.671222
2.873829	2.670200
2.874829	2.669141
2.875829	2.668047
2.876829	2.666917
2.877829	2.665751
2.878829	2.664550
2.879829	2.663313
2.880829	2.662040
2.881829	2.660732
2.882829	2.659389
2.883829	2.658010
2.884829	2.656596
2.885829	2.655147
2.886829	2.653664
2.887829	2.652145
2.888829	2.650592
2.889829	2.649005
2.890829	2.647384
2.891829	2.645729
2.892829	2.644041
2.893829	2.642319
2.894829	2.640564
2.895829	2.638777
2.896829	2.636957
2.897829	2.635105
2.898829	2.633222
2.899829	2.631307
2.900829	2.629362
2.901829	2.627385
2.902829	2.625379
2.903829	2.623343
2.904829	2.621278
2.905829	2.619183
2.906829	2.617061
2.907829	2.614910
2.908829	2.612732
2.909829	2.610527
2.910829	2.608296
2.911829	2.606038
2.912829	2.603756
2.913829	2.601448
2.914829	2.599116
2.915829	2.596760
2.916829	2.594382
2.917829	2.591980
2.918829	2.589557
2.919829	2.587112
2.920829	2.584647
2.921829	2.582162
2.922829	2.579657
2.923829	2.577133
2.924829	2.574591
2.925829	2.572032
2.926829	2.569456
2.927829	2.566864
2.928829	2.564256
2.929829	2.561634
2.930829	2.558998
2.931829	2.556349
2.932829	2.553688
2.933829	2.551014
2.934829	2.548330
2.935829	2.545636
2.936829	2.542932
2.937829	2.540219
2.938829	2.537499
2.939829	2.534772
2.940829	2.532038
2.941829	2.529300
2.942829	2.526556
2.943829	2.523809
2.944829	2.521059
2.945829	2.518307
2.946829	2.515554
2.947829	2.512800
2.948829	2.510047
2.949829	2.507296
2.950829	2.504546
2.951829	2.501800
2.952829	2.499058
2.953829	2.496321
2.954829	2.493589
2.955829	2.490865
2.956829	2.488148
2.957829	2.485439
2.958829	2.482740
2.959829	2.480052
2.960829	2.477375
2.961829	2.474710
2.962829	2.472058
2.963829	2.469421
2.964829	2.466798
2.965829	2.464191
2.966829	2.461602
2.967829	2.459030
2.968829	2.456477
2.969829	2.453943
2.970829	2.451431
2.971829	2.448940
2.972829	2.446471
2.973829	2.444026
2.974829	2.441605
2.975829	2.439209
2.976829	2.436839
2.977829	2.434497
2.978829	2.432182
2.979829	2.429896
2.980829	2.427640
2.981829	2.425415
2.982829	2.423221
2.983829	2.421060
2.984829	2.418932
2.985829	2.416838
2.986829	2.414779
2.987829	2.412756
2.988829	2.410770
2.989829	2.408821
2.990829	2.406911
2.991829	2.405039
2.992829	2.403208
2.993829	2.401417
2.994829	2.399668
2.995829	2.397961
2.996829	2.396298
2.997829	2.394678
2.998829	2.393102
2.999829	2.391572
3.000829	2.390088
3.001829	2.388651
3.002829	2.387261
3.003829	2.385919
3.004829	2.384626
3.005829	2.383382
3.006829	2.382187
3.007829	2.381044
3.008829	2.379952
3.009829	2.378911
3.010829	2.377922
3.011829	2.376987
3.012829	2.376105
3.013829	2.375276
3.014829	2.374502
3.015829	2.373783
3.016829	2.373119
3.017829	2.372510
3.018829	2.371958
3.019829	2.371462
3.020829	2.371023
3.021829	2.370641
3.022829	2.370317
3.023829	2.370050
3.024829	2.369842
3.025829	2.369692
3.026829	2.369600
3.027829	2.369567
3.028829	2.369593
3.029829	2.369678
3.030829	2.369823
3.031829	2.370026
3.032829	2.370290
3.033829	2.370612
3.034829	2.370994
3.035829	2.371436
3.036829	2.371937
3.037829	2.372498
3.038829	2.373118
3.039829	2.373797
3.040829	2.374536
3.041829	2.375333
3.042829	2.376189
3.043829	2.377104
3.044829	2.378077
3.045829	2.379108
3.046829	2.380196
3.047829	2.381342
3.048829	2.382545
3.049829	2.383804
3.050829	2.385120
3.051829	2.386491
3.052829	2.387917
3.053829	2.389398
3.054829	2.390933
3.055829	2.392520
3.056829	2.394161
3.057829	2.395854
3.058829	2.397598
3.059829	2.399392
3.060829	2.401236
3.061829	2.403130
3.062829	2.405071
3.063829	2.407059
3.064829	2.409094
3.065829	2.411174
3.066829	2.413298
3.067829	2.415466
3.068829	2.417676
3.069829	2.419927
3.070829	2.422218
3.071829	2.424549
3.072829	2.426918
3.073829	2.429323
3.074829	2.431764
3.075829	2.434240
3.076829	2.436749
3.077829	2.439290
3.078829	2.441861
3.079829	2.444463
3.080829	2.447092
3.081829	2.449749
3.082829	2.452431
3.083829	2.455137
3.084829	2.457866
3.085829	2.460617
3.086829	2.463388
3.087829	2.466178
3.088829	2.468985
3.089829	2.471809
3.090829	2.474646
3.091829	2.477497
3.092829	2.480360
3.093829	2.483233
3.094829	2.486115
3.095829	2.489004
3.096829	2.491899
3.097829	2.494798
3.098829	2.497701
3.099829	2.500604
3.100829	2.503508
3.101829	2.506410
3.102829	2.509309
3.103829	2.512204
3.104829	2.515093
3.105829	2.517974
3.106829	2.520846
3.107829	2.523708
3.108829	2.526558
3.109829	2.529395
3.110829	2.532217
3.111829	2.535022
3.112829	2.537810
3.113829	2.540578
3.114829	2.543326
3.115829	2.546052
3.116829	2.548755
3.117829	2.551432
3.118829	2.554083
3.119829	2.556707
3.120829	2.559301
3.121829	2.561865
3.122829	2.564397
3.123829	2.566896
3.124829	2.569361
3.125829	2.571790
3.126829	2.574181
3.127829	2.576535
3.128829	2.578849
3.129829	2.581122
3.130829	2.583353
3.131829	2.585541
3.132829	2.587685
3.133829	2.589783
3.134829	2.591835
3.135829	2.593839
3.136829	2.595794
3.137829	2.597699
3.138829	2.599553
3.139829	2.601356
3.140829	2.603106
3.141829	2.604801
3.142829	2.606443
3.143829	2.608028
3.144829	2.609558
3.145829	2.611030
3.146829	2.612443
3.147829	2.613799
3.148829	2.615094
3.149829	2.616330
3.150829	2.617504
3.151829	2.618617
3.152829	2.619668
3.153829	2.620657
3.154829	2.621582
3.155829	2.622444
3.156829	2.623242
3.157829	2.623975
3.158829	2.624644
3.159829	2.625247
3.160829	2.625786
3.161829	2.626259
3.162829	2.626666
3.163829	2.627007
3.164829	2.627282
3.165829	2.627492
3.166829	2.627635
3.167829	2.627713
3.168829	2.627724
3.169829	2.627670
3.170829	2.627550
3.171829	2.627365
3.172829	2.627114
3.173829	2.626798
3.174829	2.626418
3.175829	2.625973
3.176829	2.625464
3.177829	2.624891
3.178829	2.624255
3.179829	2.623556
3.180829	2.622795
3.181829	2.621972
3.182829	2.621087
3.183829	2.620142
3.184829	2.619136
3.185829	2.618071
3.186829	2.616947
3.187829	2.615764
3.188829	2.614524
3.189829	2.613227
3.190829	2.611874
3.191829	2.610466
3.192829	2.609002
3.193829	2.607486
3.194829	2.605916
3.195829	2.604294
3.196829	2.602621
3.197829	2.600897
3.198829	2.599124
3.199829	2.597303
3.200829	2.595434
3.201829	2.593518
3.202829	2.591557
3.203829	2.589551
3.204829	2.587502
3.205829	2.585410
3.206829	2.583276
3.207829	2.581102
3.208829	2.578889
3.209829	2.576637
3.210829	2.574348
3.211829	2.572022
3.212829	2.569662
3.213829	2.567267
3.214829	2.564840
3.215829	2.562381
3.216829	2.559892
3.217829	2.557373
3.218829	2.554826
3.219829	2.552252
3.220829	2.549651
3.221829	2.547026
3.222829	2.544378
3.223829	2.541706
3.224829	2.539014
3.225829	2.536302
3.226829	2.533570
3.227829	2.530821
3.228829	2.528055
3.229829	2.525274
3.230829	2.522479
3.231829	2.519670
3.232829	2.516850
3.233829	2.514018
3.234829	2.511178
3.235829	2.508328
3.236829	2.505472
3.237829	2.502609
3.238829	2.499742
3.239829	2.496870
3.240829	2.493996
3.241829	2.491120
3.242829	2.488243
3.243829	2.485367
3.244829	2.482492
3.245829	2.479621
3.246829	2.476752
3.247829	2.473889
3.248829	2.471031
3.249829	2.468180
3.250829	2.465337
3.251829	2.462503
3.252829	2.459678
3.253829	2.456864
3.254829	2.454062
3.255829	2.451272
3.256829	2.448495
3.257829	2.445733
3.258829	2.442986
3.259829	2.440255
3.260829	2.437540
3.261829	2.434844
3.262829	2.432165
3.263829	2.429506
3.264829	2.426866
3.265829	2.424247
3.266829	2.421649
3.267829	2.419073
3.268829	2.416519
3.269829	2.413988
3.270829	2.411481
3.271829	2.408998
3.272829	2.406540
3.273829	2.404107
3.274829	2.401700
3.275829	2.399319
3.276829	2.396964
3.277829	2.394637
3.278829	2.392337
3.279829	2.390064
3.280829	2.387820
3.281829	2.385605
3.282829	2.383418
3.283829	2.381261
3.284829	2.379132
3.285829	2.377034
3.286829	2.374965
3.287829	2.372927
3.288829	2.370919
3.289829	2.368942
3.290829	2.366995
3.291829	2.365079
3.292829	2.363194
3.293829	2.361341
3.294829	2.359518
3.295829	2.357727
3.296829	2.355968
3.297829	2.354239
3.298829	2.352543
3.299829	2.350878
3.300829	2.349244
3.301829	2.347642
3.302829	2.346071
3.303829	2.344532
3.304829	2.343024
3.305829	2.341548
3.306829	2.340102
3.307829	2.338688
3.308829	2.337306
3.309829	2.335954
3.310829	2.334632
3.311829	2.333342
3.312829	2.332082
3.313829	2.330853
3.314829	2.329653
3.315829	2.328484
3.316829	2.327344
3.317829	2.326234
3.318829	2.325154
3.319829	2.324103
3.320829	2.323080
3.321829	2.322086
3.322829	2.321121
3.323829	2.320183
3.324829	2.319274
3.325829	2.318392
3.326829	2.317537
3.327829	2.316710
3.328829	2.315909
3.329829	2.315134
3.330829	2.314385
3.331829	2.313662
3.332829	2.312965
3.333829	2.312292
3.334829	2.311644
3.335829	2.311020
3.336829	2.310421
3.337829	2.309844
3.338829	2.309291
3.339829	2.308761
3.340829	2.308253
3.341829	2.307767
3.342829	2.307303
3.343829	2.306860
3.344829	2.306438
3.345829	2.306037
3.346829	2.305655
3.347829	2.305293
3.348829	2.304950
3.349829	2.304626
3.350829	2.304321
3.351829	2.304033
3.352829	2.303763
3.353829	2.303510
3.354829	2.303274
3.355829	2.303054
3.356829	2.302850
3.357829	2.302662
3.358829	2.302488
3.359829	2.302329
3.360829	2.302184
3.361829	2.302053
3.362829	2.301935
3.363829	2.301831
3.364829	2.301738
3.365829	2.301658
3.366829	2.301590
3.367829	2.301532
3.368829	2.301486
3.369829	2.301450
3.370829	2.301424
3.371829	2.301408
3.372829	2.301400
3.373829	2.301402
3.374829	2.301413
3.375829	2.301431
3.376829	2.301457
3.377829	2.301490
3.378829	2.301531
3.379829	2.301578
3.380829	2.301631
3.381829	2.301690
3.382829	2.301754
3.383829	2.301824
3.384829	2.301898
3.385829	2.301977
3.386829	2.302059
3.387829	2.302146
3.388829	2.302236
3.389829	2.302329
3.390829	2.302424
3.391829	2.302522
3.392829	2.302622
3.393829	2.302724
3.394829	2.302827
3.395829	2.302932
3.396829	2.303037
3.397829	2.303142
3.398829	2.303248
3.399829	2.303354
3.400829	2.303459
3.401829	2.303564
3.402829	2.303667
3.403829	2.303770
3.404829	2.303871
3.405829	2.303970
3.406829	2.304067
3.407829	2.304162
3.408829	2.304254
3.409829	2.304343
3.410829	2.304430
3.411829	2.304513
3.412829	2.304592
3.413829	2.304668
3.414829	2.304740
3.415829	2.304807
3.416829	2.304870
3.417829	2.304929
3.418829	2.304983
3.419829	2.305031
3.420829	2.305075
3.421829	2.305113
3.422829	2.305145
3.423829	2.305172
3.424829	2.305192
3.425829	2.305207
3.426829	2.305215
3.427829	2.305217
3.428829	2.305212
3.429829	2.305201
3.430829	2.305182
3.431829	2.305157
3.432829	2.305124
3.433829	2.305085
3.434829	2.305038
3.435829	2.304983
3.436829	2.304921
3.437829	2.304851
3.438829	2.304773
3.439829	2.304688
3.440829	2.304594
3.441829	2.304493
3.442829	2.304383
3.443829	2.304266
3.444829	2.304140
3.445829	2.304006
3.446829	2.303863
3.447829	2.303713
3.448829	2.303554
3.449829	2.303386
3.450829	2.303210
3.451829	2.303026
3.452829	2.302834
3.453829	2.302633
3.454829	2.302423
3.455829	2.302206
3.456829	2.301980
3.457829	2.301746
3.458829	2.301503
3.459829	2.301252
3.460829	2.300993
3.461829	2.300726
3.462829	2.300451
3.463829	2.300169
3.464829	2.299878
3.465829	2.299579
3.466829	2.299273
3.467829	2.298959
3.468829	2.298638
3.469829	2.298309
3.470829	2.297974
3.471829	2.297631
3.472829	2.297281
3.473829	2.296925
3.474829	2.296561
3.475829	2.296192
3.476829	2.295816
3.477829	2.295434
3.478829	2.295046
3.479829	2.294653
3.480829	2.294253
3.481829	2.293849
3.482829	2.293439
3.483829	2.293025
3.484829	2.292606
3.485829	2.292182
3.486829	2.291755
3.487829	2.291323
3.488829	2.290887
3.489829	2.290448
3.490829	2.290006
3.491829	2.289561
3.492829	2.289112
3.493829	2.288662
3.494829	2.288209
3.495829	2.287754
3.496829	2.287297
3.497829	2.286839
3.498829	2.286380
3.499829	2.285919
3.500829	2.285458
3.501829	2.284996
3.502829	2.284535
3.503829	2.284073
3.504829	2.283612
3.505829	2.283151
3.506829	2.282691
3.507829	2.282232
3.508829	2.281775
3.509829	2.281319
3.510829	2.280866
3.511829	2.280414
3.512829	2.279965
3.513829	2.279518
3.514829	2.279074
3.515829	2.278634
3.516829	2.278197
3.517829	2.277763
3.518829	2.277334
3.519829	2.276908
3.520829	2.276487
3.521829	2.276070
3.522829	2.275658
3.523829	2.275251
3.524829	2.274849
3.525829	2.274453
3.526829	2.274062
3.527829	2.273677
3.528829	2.273298
3.529829	2.272925
3.530829	2.272558
3.531829	2.272198
3.532829	2.271844
3.533829	2.271497
3.534829	2.271157
3.535829	2.270824
3.536829	2.270498
3.537829	2.270179
3.538829	2.269868
3.539829	2.269564
3.540829	2.269267
3.541829	2.268978
3.542829	2.268697
3.543829	2.268424
3.544829	2.268158
3.545829	2.267900
3.546829	2.267650
3.547829	2.267408
3.548829	2.267174
3.549829	2.266947
3.550829	2.266728
3.551829	2.266518
3.552829	2.266314
3.553829	2.266119
3.554829	2.265931
3.555829	2.265750
3.556829	2.265577
3.557829	2.265412
3.558829	2.265253
3.559829	2.265102
3.560829	2.264957
3.561829	2.264819
3.562829	2.264688
3.563829	2.264563
3.564829	2.264444
3.565829	2.264330
3.566829	2.264223
3.567829	2.264121
3.568829	2.264024
3.569829	2.263931
3.570829	2.263843
3.571829	2.263760
3.572829	2.263680
3.573829	2.263603
3.574829	2.263529
3.575829	2.263459
3.576829	2.263390
3.577829	2.263323
3.578829	2.263257
3.579829	2.263192
3.580829	2.263127
3.581829	2.263063
3.582829	2.262997
3.583829	2.262930
3.584829	2.262862
3.585829	2.262791
3.586829	2.262717
3.587829	2.262639
3.588829	2.262557
3.589829	2.262471
3.590829	2.262379
3.591829	2.262281
3.592829	2.262176
3.593829	2.262064
3.594829	2.261943
3.595829	2.261814
3.596829	2.261676
3.597829	2.261527
3.598829	2.261367
3.599829	2.261196
3.600829	2.261013
3.601829	2.260816
3.602829	2.260606
3.603829	2.260382
3.604829	2.260142
3.605829	2.259886
3.606829	2.259614
3.607829	2.259325
3.608829	2.259017
3.609829	2.258691
3.610829	2.258345
3.611829	2.257979
3.612829	2.257591
3.613829	2.257182
3.614829	2.256751
3.615829	2.256296
3.616829	2.255818
3.617829	2.255315
3.618829	2.254786
3.619829	2.254232
3.620829	2.253651
3.621829	2.253042
3.622829	2.252406
3.623829	2.251741
3.624829	2.251046
3.625829	2.250322
3.626829	2.249567
3.627829	2.248780
3.628829	2.247962
3.629829	2.247111
3.630829	2.246227
3.631829	2.245309
3.632829	2.244357
3.633829	2.243371
3.634829	2.242349
3.635829	2.241291
3.636829	2.240197
3.637829	2.239066
3.638829	2.237898
3.639829	2.236692
3.640829	2.235448
3.641829	2.234166
3.642829	2.232844
3.643829	2.231484
3.644829	2.230083
3.645829	2.228643
3.646829	2.227162
3.647829	2.225641
3.648829	2.224079
3.649829	2.222475
3.650829	2.220831
3.651829	2.219145
3.652829	2.217417
3.653829	2.215648
3.654829	2.213837
3.655829	2.211984
3.656829	2.210089
3.657829	2.208152
3.658829	2.206173
3.659829	2.204152
3.660829	2.202090
3.661829	2.199985
3.662829	2.197839
3.663829	2.195651
3.664829	2.193423
3.665829	2.191153
3.666829	2.188842
3.667829	2.186491
3.668829	2.184100
3.669829	2.181669
3.670829	2.179199
3.671829	2.176690
3.672829	2.174142
3.673829	2.171557
3.674829	2.168935
3.675829	2.166275
3.676829	2.163580
3.677829	2.160849
3.678829	2.158084
3.679829	2.155285
3.680829	2.152453
3.681829	2.149588
3.682829	2.146693
3.683829	2.143767
3.684829	2.140811
3.685829	2.137828
3.686829	2.134817
3.687829	2.131780
3.688829	2.128717
3.689829	2.125631
3.690829	2.122522
3.691829	2.119392
3.692829	2.116241
3.693829	2.113072
3.694829	2.109885
3.695829	2.106681
3.696829	2.103463
3.697829	2.100231
3.698829	2.096987
3.699829	2.093733
3.700829	2.090469
3.701829	2.087198
3.702829	2.083921
3.703829	2.080639
3.704829	2.077354
3.705829	2.074067
3.706829	2.070781
3.707829	2.067496
3.708829	2.064214
3.709829	2.060937
3.710829	2.057667
3.711829	2.054405
3.712829	2.051152
3.713829	2.047911
3.714829	2.044684
3.715829	2.041470
3.716829	2.038274
3.717829	2.035095
3.718829	2.031936
3.719829	2.028799
3.720829	2.025684
3.721829	2.022594
3.722829	2.019531
3.723829	2.016496
3.724829	2.013490
3.725829	2.010516
3.726829	2.007575
3.727829	2.004669
3.728829	2.001798
3.729829	1.998966
3.730829	1.996173
3.731829	1.993421
3.732829	1.990712
3.733829	1.988047
3.734829	1.985427
3.735829	1.982855
3.736829	1.980331
3.737829	1.977858
3.738829	1.975436
3.739829	1.973068
3.740829	1.970754
3.741829	1.968496
3.742829	1.966295
3.743829	1.964152
3.744829	1.962070
3.745829	1.960049
3.746829	1.958090
3.747829	1.956194
3.748829	1.954364
3.749829	1.952599
3.750829	1.950902
3.751829	1.949272
3.752829	1.947712
3.753829	1.946222
3.754829	1.944803
3.755829	1.943456
3.756829	1.942182
3.757829	1.940981
3.758829	1.939856
3.759829	1.938805
3.760829	1.937830
3.761829	1.936932
3.762829	1.936112
3.763829	1.935369
3.764829	1.934704
3.765829	1.934118
3.766829	1.933611
3.767829	1.933184
3.768829	1.932836
3.769829	1.932568
3.770829	1.932381
3.771829	1.932273
3.772829	1.932246
3.773829	1.932299
3.774829	1.932432
3.775829	1.932646
3.776829	1.932939
3.777829	1.933312
3.778829	1.933764
3.779829	1.934294
3.780829	1.934904
3.781829	1.935591
3.782829	1.936355
3.783829	1.937195
3.784829	1.938112
3.785829	1.939103
3.786829	1.940168
3.787829	1.941306
3.788829	1.942517
3.789829	1.943798
3.790829	1.945148
3.791829	1.946567
3.792829	1.948053
3.793829	1.949605
3.794829	1.951221
3.795829	1.952899
3.796829	1.954639
3.797829	1.956438
3.798829	1.958295
3.799829	1.960208
3.800829	1.962175
3.801829	1.964195
3.802829	1.966266
3.803829	1.968385
3.804829	1.970551
3.805829	1.972761
3.806829	1.975014
3.807829	1.977308
3.808829	1.979640
3.809829	1.982009
3.810829	1.984412
3.811829	1.986846
3.812829	1.989310
3.813829	1.991801
3.814829	1.994318
3.815829	1.996857
3.816829	1.999416
3.817829	2.001993
3.818829	2.004586
3.819829	2.007192
3.820829	2.009808
3.821829	2.012432
3.822829	2.015062
3.823829	2.017696
3.824829	2.020330
3.825829	2.022962
3.826829	2.025590
3.827829	2.028210
3.828829	2.030822
3.829829	2.033421
3.830829	2.036007
3.831829	2.038575
3.832829	2.041123
3.833829	2.043650
3.834829	2.046152
3.835829	2.048627
3.836829	2.051072
3.837829	2.053485
3.838829	2.055864
3.839829	2.058206
3.840829	2.060508
3.841829	2.062769
3.842829	2.064985
3.843829	2.067154
3.844829	2.069275
3.845829	2.071344
3.846829	2.073360
3.847829	2.075319
3.848829	2.077221
3.849829	2.079061
3.850829	2.080840
3.851829	2.082553
3.852829	2.084200
3.853829	2.085777
3.854829	2.087284
3.855829	2.088717
3.856829	2.090076
3.857829	2.091357
3.858829	2.092560
3.859829	2.093682
3.860829	2.094722
3.861829	2.095677
3.862829	2.096547
3.863829	2.097329
3.864829	2.098023
3.865829	2.098626
3.866829	2.099137
3.867829	2.099555
3.868829	2.099878
3.869829	2.100105
3.870829	2.100235
3.871829	2.100268
3.872829	2.100201
3.873829	2.100033
3.874829	2.099765
3.875829	2.099395
3.876829	2.098922
3.877829	2.098346
3.878829	2.097665
3.879829	2.096881
3.880829	2.095991
3.881829	2.094996
3.882829	2.093896
3.883829	2.092690
3.884829	2.091379
3.885829	2.089961
3.886829	2.088438
3.887829	2.086810
3.888829	2.085076
3.889829	2.083238
3.890829	2.081295
3.891829	2.079248
3.892829	2.077099
3.893829	2.074847
3.894829	2.072494
3.895829	2.070041
3.896829	2.067488
3.897829	2.064837
3.898829	2.062088
3.899829	2.059244
3.900829	2.056306
3.901829	2.053274
3.902829	2.050151
3.903829	2.046938
3.904829	2.043637
3.905829	2.040249
3.906829	2.036777
3.907829	2.033221
3.908829	2.029585
3.909829	2.025869
3.910829	2.022077
3.911829	2.018210
3.912829	2.014270
3.913829	2.010259
3.914829	2.006180
3.915829	2.002035
3.916829	1.997827
3.917829	1.993557
3.918829	1.989229
3.919829	1.984844
3.920829	1.980405
3.921829	1.975915
3.922829	1.971377
3.923829	1.966792
3.924829	1.962164
3.925829	1.957496
3.926829	1.952789
3.927829	1.948047
3.928829	1.943273
3.929829	1.938469
3.930829	1.933639
3.931829	1.928784
3.932829	1.923908
3.933829	1.919014
3.934829	1.914104
3.935829	1.909182
3.936829	1.904250
3.937829	1.899312
3.938829	1.894369
3.939829	1.889426
3.940829	1.884484
3.941829	1.879548
3.942829	1.874619
3.943829	1.869701
3.944829	1.864796
3.945829	1.859908
3.946829	1.855039
3.947829	1.850192
3.948829	1.845370
3.949829	1.840576
3.950829	1.835813
3.951829	1.831083
3.952829	1.826389
3.953829	1.821735
3.954829	1.817121
3.955829	1.812553
3.956829	1.808031
3.957829	1.803559
3.958829	1.799139
3.959829	1.794774
3.960829	1.790466
3.961829	1.786218
3.962829	1.782033
3.963829	1.777912
3.964829	1.773857
3.965829	1.769873
3.966829	1.765959
3.967829	1.762120
3.968829	1.758356
3.969829	1.754670
3.970829	1.751064
3.971829	1.747541
3.972829	1.744101
3.973829	1.740747
3.974829	1.737480
3.975829	1.734303
3.976829	1.731216
3.977829	1.728222
3.978829	1.725322
3.979829	1.722518
3.980829	1.719810
3.981829	1.717201
3.982829	1.714690
3.983829	1.712280
3.984829	1.709972
3.985829	1.707766
3.986829	1.705663
3.987829	1.703664
3.988829	1.701770
3.989829	1.699981
3.990829	1.698298
3.991829	1.696721
3.992829	1.695250
3.993829	1.693887
3.994829	1.692629
3.995829	1.691479
3.996829	1.690435
3.997829	1.689497
3.998829	1.688666
3.999829	1.687940
4.000829	1.687320
4.001829	1.686804
4.002829	1.686392
4.003829	1.686083
4.004829	1.685877
4.005829	1.685772
4.006829	1.685768
4.007829	1.685863
4.008829	1.686056
4.009829	1.686346
4.010829	1.686733
4.011829	1.687213
4.012829	1.687787
4.013829	1.688452
4.014829	1.689207
4.015829	1.690050
4.016829	1.690980
4.017829	1.691994
4.018829	1.693092
4.019829	1.694271
4.020829	1.695529
4.021829	1.696865
4.022829	1.698276
4.023829	1.699760
4.024829	1.701315
4.025829	1.702939
4.026829	1.704630
4.027829	1.706386
4.028829	1.708203
4.029829	1.710081
4.030829	1.712016
4.031829	1.714007
4.032829	1.716050
4.033829	1.718144
4.034829	1.720286
4.035829	1.722473
4.036829	1.724702
4.037829	1.726972
4.038829	1.729280
4.039829	1.731623
4.040829	1.733999
4.041829	1.736404
4.042829	1.738837
4.043829	1.741295
4.044829	1.743774
4.045829	1.746273
4.046829	1.748789
4.047829	1.751318
4.048829	1.753859
4.049829	1.756409
4.050829	1.758965
4.051829	1.761524
4.052829	1.764083
4.053829	1.766641
4.054829	1.769194
4.055829	1.771740
4.056829	1.774276
4.057829	1.776799
4.058829	1.779308
4.059829	1.781799
4.060829	1.784269
4.061829	1.786717
4.062829	1.789140
4.063829	1.791535
4.064829	1.793900
4.065829	1.796232
4.066829	1.798529
4.067829	1.800789
4.068829	1.803009
4.069829	1.805187
4.070829	1.807321
4.071829	1.809409
4.072829	1.811448
4.073829	1.813436
4.074829	1.815372
4.075829	1.817252
4.076829	1.819076
4.077829	1.820841
4.078829	1.822546
4.079829	1.824188
4.080829	1.825766
4.081829	1.827278
4.082829	1.828722
4.083829	1.830098
4.084829	1.831402
4.085829	1.832635
4.086829	1.833794
4.087829	1.834879
4.088829	1.835887
4.089829	1.836818
4.090829	1.837671
4.091829	1.838444
4.092829	1.839137
4.093829	1.839750
4.094829	1.840280
4.095829	1.840728
4.096829	1.841092
4.097829	1.841373
4.098829	1.841570
4.099829	1.841682
4.100829	1.841710
4.101829	1.841652
4.102829	1.841510
4.103829	1.841283
4.104829	1.840971
4.105829	1.840574
4.106829	1.840093
4.107829	1.839528
4.108829	1.838879
4.109829	1.838146
4.110829	1.837331
4.111829	1.836433
4.112829	1.835454
4.113829	1.834394
4.114829	1.833254
4.115829	1.832035
4.116829	1.830738
4.117829	1.829363
4.118829	1.827912
4.119829	1.826386
4.120829	1.824786
4.121829	1.823113
4.122829	1.821368
4.123829	1.819553
4.124829	1.817669
4.125829	1.815718
4.126829	1.813700
4.127829	1.811618
4.128829	1.809473
4.129829	1.807266
4.130829	1.805000
4.131829	1.802675
4.132829	1.800293
4.133829	1.797857
4.134829	1.795367
4.135829	1.792827
4.136829	1.790236
4.137829	1.787598
4.138829	1.784914
4.139829	1.782187
4.140829	1.779417
4.141829	1.776607
4.142829	1.773759
4.143829	1.770875
4.144829	1.767957
4.145829	1.765007
4.146829	1.762026
4.147829	1.759018
4.148829	1.755983
4.149829	1.752925
4.150829	1.749845
4.151829	1.746745
4.152829	1.743628
4.153829	1.740495
4.154829	1.737348
4.155829	1.734190
4.156829	1.731023
4.157829	1.727848
4.158829	1.724668
4.159829	1.721485
4.160829	1.718302
4.161829	1.715119
4.162829	1.711939
4.163829	1.708765
4.164829	1.705598
4.165829	1.702440
4.166829	1.699293
4.167829	1.696159
4.168829	1.693041
4.169829	1.689939
4.170829	1.686857
4.171829	1.683796
4.172829	1.680757
4.173829	1.677743
4.174829	1.674755
4.175829	1.671796
4.176829	1.668866
4.177829	1.665968
4.178829	1.663103
4.179829	1.660274
4.180829	1.657481
4.181829	1.654726
4.182829	1.652011
4.183829	1.649337
4.184829	1.646705
4.185829	1.644118
4.186829	1.641576
4.187829	1.639080
4.188829	1.636633
4.189829	1.634234
4.190829	1.631886
4.191829	1.629589
4.192829	1.627344
4.193829	1.625153
4.194829	1.623015
4.195829	1.620933
4.196829	1.618907
4.197829	1.616937
4.198829	1.615025
4.199829	1.613170
4.200829	1.611373
4.201829	1.609636
4.202829	1.607957
4.203829	1.606338
4.204829	1.604779
4.205829	1.603280
4.206829	1.601840
4.207829	1.600461
4.208829	1.599141
4.209829	1.597881
4.210829	1.596682
4.211829	1.595541
4.212829	1.594460
4.213829	1.593438
4.214829	1.592474
4.215829	1.591569
4.216829	1.590721
4.217829	1.589930
4.218829	1.589196
4.219829	1.588518
4.220829	1.587895
4.221829	1.587326
4.222829	1.586811
4.223829	1.586348
4.224829	1.585938
4.225829	1.585578
4.226829	1.585269
4.227829	1.585008
4.228829	1.584796
4.229829	1.584630
4.230829	1.584511
4.231829	1.584435
4.232829	1.584404
4.233829	1.584415
4.234829	1.584466
4.235829	1.584558
4.236829	1.584688
4.237829	1.584855
4.238829	1.585058
4.239829	1.585295
4.240829	1.585565
4.241829	1.585867
4.242829	1.586199
4.243829	1.586559
4.244829	1.586947
4.245829	1.587360
4.246829	1.587798
4.247829	1.588258
4.248829	1.588739
4.249829	1.589240
4.250829	1.589759
4.251829	1.590294
4.252829	1.590844
4.253829	1.591407
4.254829	1.591981
4.255829	1.592566
4.256829	1.593159
4.257829	1.593759
4.258829	1.594364
4.259829	1.594973
4.260829	1.595583
4.261829	1.596194
4.262829	1.596804
4.263829	1.597411
4.264829	1.598014
4.265829	1.598610
4.266829	1.599199
4.267829	1.599779
4.268829	1.600348
4.269829	1.600906
4.270829	1.601449
4.271829	1.601977
4.272829	1.602489
4.273829	1.602983
4.274829	1.603457
4.275829	1.603910
4.276829	1.604340
4.277829	1.604747
4.278829	1.605129
4.279829	1.605484
4.280829	1.605812
4.281829	1.606110
4.282829	1.606378
4.283829	1.606615
4.284829	1.606819
4.285829	1.606990
4.286829	1.607125
4.287829	1.607225
4.288829	1.607288
4.289829	1.607312
4.290829	1.607298
4.291829	1.607244
4.292829	1.607149
4.293829	1.607013
4.294829	1.606834
4.295829	1.606612
4.296829	1.606346
4.297829	1.606036
4.298829	1.605681
4.299829	1.605281
4.300829	1.604834
4.301829	1.604342
4.302829	1.603802
4.303829	1.603215
4.304829	1.602581
4.305829	1.601899
4.306829	1.601169
4.307829	1.600392
4.308829	1.599566
4.309829	1.598693
4.310829	1.597773
4.311829	1.596804
4.312829	1.595788
4.313829	1.594725
4.314829	1.593615
4.315829	1.592459
4.316829	1.591257
4.317829	1.590008
4.318829	1.588715
4.319829	1.587377
4.320829	1.585995
4.321829	1.584569
4.322829	1.583101
4.323829	1.581591
4.324829	1.580039
4.325829	1.578447
4.326829	1.576815
4.327829	1.575144
4.328829	1.573435
4.329829	1.571689
4.330829	1.569907
4.331829	1.568089
4.332829	1.566238
4.333829	1.564353
4.334829	1.562437
4.335829	1.560489
4.336829	1.558512
4.337829	1.556506
4.338829	1.554473
4.339829	1.552414
4.340829	1.550329
4.341829	1.548221
4.342829	1.546090
4.343829	1.543938
4.344829	1.541766
4.345829	1.539575
4.346829	1.537367
4.347829	1.535143
4.348829	1.532904
4.349829	1.530652
4.350829	1.528388
4.351829	1.526113
4.352829	1.523830
4.353829	1.521538
4.354829	1.519240
4.355829	1.516937
4.356829	1.514631
4.357829	1.512322
4.358829	1.510012
4.359829	1.507703
4.360829	1.505396
4.361829	1.503093
4.362829	1.500794
4.363829	1.498502
4.364829	1.496217
4.365829	1.493941
4.366829	1.491675
4.367829	1.489421
4.368829	1.487180
4.369829	1.484953
4.370829	1.482742
4.371829	1.480548
4.372829	1.478372
4.373829	1.476215
4.374829	1.474080
4.375829	1.471966
4.376829	1.469876
4.377829	1.467810
4.378829	1.465769
4.379829	1.463756
4.380829	1.461770
4.381829	1.459813
4.382829	1.457887
4.383829	1.455991
4.384829	1.454127
4.385829	1.452297
4.386829	1.450500
4.387829	1.448739
4.388829	1.447013
4.389829	1.445324
4.390829	1.443672
4.391829	1.442059
4.392829	1.440485
4.393829	1.438950
4.394829	1.437456
4.395829	1.436003
4.396829	1.434591
4.397829	1.433222
4.398829	1.431894
4.399829	1.430610
4.400829	1.429370
4.401829	1.428173
4.402829	1.427020
4.403829	1.425911
4.404829	1.424847
4.405829	1.423827
4.406829	1.422852
4.407829	1.421922
4.408829	1.421036
4.409829	1.420195
4.410829	1.419398
4.411829	1.418646
4.412829	1.417937
4.413829	1.417272
4.414829	1.416650
4.415829	1.416071
4.416829	1.415535
4.417829	1.415040
4.418829	1.414586
4.419829	1.414173
4.420829	1.413800
4.421829	1.413466
4.422829	1.413171
4.423829	1.412913
4.424829	1.412692
4.425829	1.412507
4.426829	1.412356
4.427829	1.412240
4.428829	1.412157
4.429829	1.412106
4.430829	1.412085
4.431829	1.412094
4.432829	1.412132
4.433829	1.412197
4.434829	1.412289
4.435829	1.412405
4.436829	1.412545
4.437829	1.412708
4.438829	1.412892
4.439829	1.413095
4.440829	1.413317
4.441829	1.413556
4.442829	1.413811
4.443829	1.414080
4.444829	1.414361
4.445829	1.414654
4.446829	1.414957
4.447829	1.415268
4.448829	1.415586
4.449829	1.415910
4.450829	1.416237
4.451829	1.416567
4.452829	1.416897
4.453829	1.417227
4.454829	1.417554
4.455829	1.417877
4.456829	1.418195
4.457829	1.418506
4.458829	1.418809
4.459829	1.419101
4.460829	1.419382
4.461829	1.419649
4.462829	1.419902
4.463829	1.420138
4.464829	1.420356
4.465829	1.420555
4.466829	1.420733
4.467829	1.420889
4.468829	1.421021
4.469829	1.421127
4.470829	1.421206
4.471829	1.421257
4.472829	1.421278
4.473829	1.421268
4.474829	1.421225
4.475829	1.421148
4.476829	1.421036
4.477829	1.420887
4.478829	1.420699
4.479829	1.420473
4.480829	1.420206
4.481829	1.419896
4.482829	1.419544
4.483829	1.419147
4.484829	1.418705
4.485829	1.418216
4.486829	1.417680
4.487829	1.417094
4.488829	1.416459
4.489829	1.415774
4.490829	1.415036
4.491829	1.414246
4.492829	1.413402
4.493829	1.412504
4.494829	1.411551
4.495829	1.410542
4.496829	1.409476
4.497829	1.408353
4.498829	1.407172
4.499829	1.405933
4.500829	1.404636
4.501829	1.403278
4.502829	1.401861
4.503829	1.400384
4.504829	1.398847
4.505829	1.397249
4.506829	1.395590
4.507829	1.393871
4.508829	1.392090
4.509829	1.390249
4.510829	1.388346
4.511829	1.386383
4.512829	1.384359
4.513829	1.382276
4.514829	1.380132
4.515829	1.377928
4.516829	1.375665
4.517829	1.373344
4.518829	1.370965
4.519829	1.368528
4.520829	1.366035
4.521829	1.363485
4.522829	1.360881
4.523829	1.358222
4.524829	1.355510
4.525829	1.352746
4.526829	1.349930
4.527829	1.347064
4.528829	1.344149
4.529829	1.341186
4.530829	1.338177
4.531829	1.335122
4.532829	1.332023
4.533829	1.328881
4.534829	1.325697
4.535829	1.322474
4.536829	1.319212
4.537829	1.315913
4.538829	1.312579
4.539829	1.309211
4.540829	1.305810
4.541829	1.302379
4.542829	1.298919
4.543829	1.295432
4.544829	1.291919
4.545829	1.288382
4.546829	1.284823
4.547829	1.281244
4.548829	1.277647
4.549829	1.274033
4.550829	1.270404
4.551829	1.266762
4.552829	1.263109
4.553829	1.259448
4.554829	1.255779
4.555829	1.252104
4.556829	1.248427
4.557829	1.244748
4.558829	1.241070
4.559829	1.237394
4.560829	1.233723
4.561829	1.230059
4.562829	1.226402
4.563829	1.222757
4.564829	1.219124
4.565829	1.215505
4.566829	1.211903
4.567829	1.208319
4.568829	1.204755
4.569829	1.201214
4.570829	1.197696
4.571829	1.194206
4.572829	1.190743
4.573829	1.187310
4.574829	1.183909
4.575829	1.180542
4.576829	1.177211
4.577829	1.173917
4.578829	1.170663
4.579829	1.167450
4.580829	1.164280
4.581829	1.161154
4.582829	1.158075
4.583829	1.155045
4.584829	1.152064
4.585829	1.149135
4.586829	1.146260
4.587829	1.143439
4.588829	1.140674
4.589829	1.137968
4.590829	1.135321
4.591829	1.132735
4.592829	1.130211
4.593829	1.127751
4.594829	1.125357
4.595829	1.123029
4.596829	1.120768
4.597829	1.118576
4.598829	1.116455
4.599829	1.114405
4.600829	1.112427
4.601829	1.110523
4.602829	1.108692
4.603829	1.106938
4.604829	1.105259
4.605829	1.103657
4.606829	1.102133
4.607829	1.100688
4.608829	1.099321
4.609829	1.098035
4.610829	1.096828
4.611829	1.095702
4.612829	1.094658
4.613829	1.093694
4.614829	1.092813
4.615829	1.092013
4.616829	1.091295
4.617829	1.090659
4.618829	1.090105
4.619829	1.089633
4.620829	1.089243
4.621829	1.088935
4.622829	1.088708
4.623829	1.088561
4.624829	1.088495
4.625829	1.088509
4.626829	1.088602
4.627829	1.088774
4.628829	1.089025
4.629829	1.089352
4.630829	1.089756
4.631829	1.090236
4.632829	1.090791
4.633829	1.091419
4.634829	1.092120
4.635829	1.092893
4.636829	1.093737
4.637829	1.094650
4.638829	1.095631
4.639829	1.096679
4.640829	1.097793
4.641829	1.098972
4.642829	1.100213
4.643829	1.101516
4.644829	1.102879
4.645829	1.104300
4.646829	1.105779
4.647829	1.107313
4.648829	1.108900
4.649829	1.110540
4.650829	1.112231
4.651829	1.113970
4.652829	1.115756
4.653829	1.117588
4.654829	1.119463
4.655829	1.121379
4.656829	1.123336
4.657829	1.125331
4.658829	1.127361
4.659829	1.129426
4.660829	1.131523
4.661829	1.133651
4.662829	1.135807
4.663829	1.137989
4.664829	1.140196
4.665829	1.142425
4.666829	1.144675
4.667829	1.146943
4.668829	1.149227
4.669829	1.151526
4.670829	1.153837
4.671829	1.156158
4.672829	1.158488
4.673829	1.160824
4.674829	1.163164
4.675829	1.165506
4.676829	1.167848
4.677829	1.170188
4.678829	1.172524
4.679829	1.174854
4.680829	1.177176
4.681829	1.179488
4.682829	1.181788
4.683829	1.184074
4.684829	1.186344
4.685829	1.188596
4.686829	1.190827
4.687829	1.193037
4.688829	1.195224
4.689829	1.197384
4.690829	1.199517
4.691829	1.201621
4.692829	1.203693
4.693829	1.205732
4.694829	1.207737
4.695829	1.209705
4.696829	1.211635
4.697829	1.213524
4.698829	1.215372
4.699829	1.217177
4.700829	1.218937
4.701829	1.220650
4.702829	1.222316
4.703829	1.223932
4.704829	1.225497
4.705829	1.227010
4.706829	1.228469
4.707829	1.229873
4.708829	1.231221
4.709829	1.232511
4.710829	1.233743
4.711829	1.234915
4.712829	1.236026
4.713829	1.237074
4.714829	1.238060
4.715829	1.238982
4.716829	1.239840
4.717829	1.240631
4.718829	1.241356
4.719829	1.242015
4.720829	1.242605
4.721829	1.243127
4.722829	1.243580
4.723829	1.243964
4.724829	1.244278
4.725829	1.244522
4.726829	1.244696
4.727829	1.244799
4.728829	1.244831
4.729829	1.244793
4.730829	1.244683
4.731829	1.244503
4.732829	1.244252
4.733829	1.243930
4.734829	1.243537
4.735829	1.243074
4.736829	1.242540
4.737829	1.241937
4.738829	1.241264
4.739829	1.240522
4.740829	1.239712
4.741829	1.238833
4.742829	1.237886
4.743829	1.236873
4.744829	1.235792
4.745829	1.234646
4.746829	1.233435
4.747829	1.232160
4.748829	1.230820
4.749829	1.229418
4.750829	1.227954
4.751829	1.226429
4.752829	1.224844
4.753829	1.223199
4.754829	1.221496
4.755829	1.219736
4.756829	1.217920
4.757829	1.216048
4.758829	1.214123
4.759829	1.212144
4.760829	1.210114
4.761829	1.208033
4.762829	1.205903
4.763829	1.203724
4.764829	1.201498
4.765829	1.199227
4.766829	1.196912
4.767829	1.194553
4.768829	1.192153
4.769829	1.189712
4.770829	1.187232
4.771829	1.184714
4.772829	1.182160
4.773829	1.179571
4.774829	1.176949
4.775829	1.174295
4.776829	1.171610
4.777829	1.168896
4.778829	1.166154
4.779829	1.163386
4.780829	1.160593
4.781829	1.157777
4.782829	1.154939
4.783829	1.152081
4.784829	1.149203
4.785829	1.146309
4.786829	1.143399
4.787829	1.140474
4.788829	1.137536
4.789829	1.134587
4.790829	1.131628
4.791829	1.128661
4.792829	1.125687
4.793829	1.122707
4.794829	1.119724
4.795829	1.116737
4.796829	1.113750
4.797829	1.110763
4.798829	1.107778
4.799829	1.104796
4.800829	1.101818
4.801829	1.098847
4.802829	1.095883
4.803829	1.092928
4.804829	1.089982
4.805829	1.087048
4.806829	1.084127
4.807829	1.081220
4.808829	1.078328
4.809829	1.075453
4.810829	1.072595
4.811829	1.069757
4.812829	1.066938
4.813829	1.064141
4.814829	1.061366
4.815829	1.058615
4.816829	1.055888
4.817829	1.053187
4.818829	1.050512
4.819829	1.047865
4.820829	1.045247
4.821829	1.042658
4.822829	1.040100
4.823829	1.037573
4.824829	1.035077
4.825829	1.032615
4.826829	1.030186
4.827829	1.027792
4.828829	1.025432
4.829829	1.023108
4.830829	1.020820
4.831829	1.018569
4.832829	1.016355
4.833829	1.014178
4.834829	1.012040
4.835829	1.009940
4.836829	1.007879
4.837829	1.005858
4.838829	1.003876
4.839829	1.001934
4.840829	1.000032
4.841829	0.998171
4.842829	0.996350
4.843829	0.994570
4.844829	0.992830
4.845829	0.991132
4.846829	0.989474
4.847829	0.987858
4.848829	0.986283
4.849829	0.984748
4.850829	0.983255
4.851829	0.981803
4.852829	0.980391
4.853829	0.979021
4.854829	0.977691
4.855829	0.976401
4.856829	0.975151
4.857829	0.973942
4.858829	0.972773
4.859829	0.971643
4.860829	0.970552
4.861829	0.969500
4.862829	0.968487
4.863829	0.967512
4.864829	0.966575
4.865829	0.965675
4.866829	0.964813
4.867829	0.963988
4.868829	0.963198
4.869829	0.962445
4.870829	0.961727
4.871829	0.961044
4.872829	0.960395
4.873829	0.959779
4.874829	0.959198
4.875829	0.958649
4.876829	0.958132
4.877829	0.957646
4.878829	0.957192
4.879829	0.956768
4.880829	0.956374
4.881829	0.956009
4.882829	0.955672
4.883829	0.955363
4.884829	0.955081
4.885829	0.954826
4.886829	0.954597
4.887829	0.954392
4.888829	0.954212
4.889829	0.954056
4.890829	0.953923
4.891829	0.953812
4.892829	0.953722
4.893829	0.953654
4.894829	0.953605
4.895829	0.953576
4.896829	0.953565
4.897829	0.953571
4.898829	0.953595
4.899829	0.953635
4.900829	0.953691
4.901829	0.953761
4.902829	0.953845
4.903829	0.953942
4.904829	0.954052
4.905829	0.954173
4.906829	0.954305
4.907829	0.954448
4.908829	0.954599
4.909829	0.954759
4.910829	0.954926
4.911829	0.955101
4.912829	0.955282
4.913829	0.955468
4.914829	0.955659
4.915829	0.955854
4.916829	0.956052
4.917829	0.956252
4.918829	0.956454
4.919829	0.956657
4.920829	0.956861
4.921829	0.957064
4.922829	0.957265
4.923829	0.957465
4.924829	0.957662
4.925829	0.957856
4.926829	0.958047
4.927829	0.958232
4.928829	0.958412
4.929829	0.958587
4.930829	0.958754
4.931829	0.958915
4.932829	0.959068
4.933829	0.959213
4.934829	0.959349
4.935829	0.959475
4.936829	0.959591
4.937829	0.959697
4.938829	0.959791
4.939829	0.959874
4.940829	0.959945
4.941829	0.960003
4.942829	0.960048
4.943829	0.960080
4.944829	0.960097
4.945829	0.960100
4.946829	0.960088
4.947829	0.960060
4.948829	0.960017
4.949829	0.959957
4.950829	0.959881
4.951829	0.959788
4.952829	0.959678
4.953829	0.959549
4.954829	0.959403
4.955829	0.959239
4.956829	0.959055
4.957829	0.958853
4.958829	0.958632
4.959829	0.958390
4.960829	0.958129
4.961829	0.957848
4.962829	0.957547
4.963829	0.957224
4.964829	0.956881
4.965829	0.956517
4.966829	0.956132
4.967829	0.955725
4.968829	0.955297
4.969829	0.954847
4.970829	0.954374
4.971829	0.953880
4.972829	0.953363
4.973829	0.952825
4.974829	0.952263
4.975829	0.951679
4.976829	0.951073
4.977829	0.950443
4.978829	0.949791
4.979829	0.949116
4.980829	0.948418
4.981829	0.947697
4.982829	0.946954
4.983829	0.946187
4.984829	0.945397
4.985829	0.944585
4.986829	0.943749
4.987829	0.942891
4.988829	0.942010
4.989829	0.941106
4.990829	0.940179
4.991829	0.939230
4.992829	0.938259
4.993829	0.937265
4.994829	0.936249
4.995829	0.935211
4.996829	0.934150
4.997829	0.933068
4.998829	0.931965
4.999829	0.930839
5.000829	0.929693
5.001829	0.928526
5.002829	0.927337
5.003829	0.926128
5.004829	0.924899
5.005829	0.923649
5.006829	0.922380
5.007829	0.921091
5.008829	0.919783
5.009829	0.918455
5.010829	0.917109
5.011829	0.915745
5.012829	0.914362
5.013829	0.912962
5.014829	0.911544
5.015829	0.910109
5.016829	0.908658
5.017829	0.907190
5.018829	0.905706
5.019829	0.904207
5.020829	0.902693
5.021829	0.901164
5.022829	0.899621
5.023829	0.898065
5.024829	0.896495
5.025829	0.894912
5.026829	0.893317
5.027829	0.891710
5.028829	0.890092
5.029829	0.888464
5.030829	0.886825
5.031829	0.885176
5.032829	0.883518
5.033829	0.881851
5.034829	0.880177
5.035829	0.878495
5.036829	0.876807
5.037829	0.875112
5.038829	0.873411
5.039829	0.871706
5.040829	0.869997
5.041829	0.868283
5.042829	0.866567
5.043829	0.864849
5.044829	0.863128
5.045829	0.861407
5.046829	0.859686
5.047829	0.857964
5.048829	0.856244
5.049829	0.854526
5.050829	0.852810
5.051829	0.851098
5.052829	0.849389
5.053829	0.847685
5.054829	0.845987
5.055829	0.844294
5.056829	0.842608
5.057829	0.840930
5.058829	0.839260
5.059829	0.837599
5.060829	0.835948
5.061829	0.834307
5.062829	0.832677
5.063829	0.831059
5.064829	0.829454
5.065829	0.827863
5.066829	0.826285
5.067829	0.824722
5.068829	0.823174
5.069829	0.821643
5.070829	0.820129
5.071829	0.818632
5.072829	0.817154
5.073829	0.815695
5.074829	0.814255
5.075829	0.812836
5.076829	0.811438
5.077829	0.810062
5.078829	0.808708
5.079829	0.807377
5.080829	0.806070
5.081829	0.804788
5.082829	0.803530
5.083829	0.802298
5.084829	0.801092
5.085829	0.799913
5.086829	0.798761
5.087829	0.797638
5.088829	0.796543
5.089829	0.795477
5.090829	0.794441
5.091829	0.793434
5.092829	0.792459
5.093829	0.791515
5.094829	0.790602
5.095829	0.789722
5.096829	0.788874
5.097829	0.788060
5.098829	0.787279
5.099829	0.786531
5.100829	0.785819
5.101829	0.785140
5.102829	0.784497
5.103829	0.783889
5.104829	0.783317
5.105829	0.782781
5.106829	0.782281
5.107829	0.781818
5.108829	0.781392
5.109829	0.781002
5.110829	0.780650
5.111829	0.780335
5.112829	0.780058
5.113829	0.779818
5.114829	0.779617
5.115829	0.779453
5.116829	0.779327
5.117829	0.779239
5.118829	0.779189
5.119829	0.779178
5.120829	0.779204
5.121829	0.779268
5.122829	0.779370
5.123829	0.779510
5.124829	0.779688
5.125829	0.779903
5.126829	0.780155
5.127829	0.780444
5.128829	0.780770
5.129829	0.781133
5.130829	0.781532
5.131829	0.781966
5.132829	0.782436
5.133829	0.782942
5.134829	0.783481
5.135829	0.784056
5.136829	0.784663
5.137829	0.785304
5.138829	0.785978
5.139829	0.786684
5.140829	0.787421
5.141829	0.788189
5.142829	0.788987
5.143829	0.789814
5.144829	0.790670
5.145829	0.791553
5.146829	0.792464
5.147829	0.793401
5.148829	0.794363
5.149829	0.795349
5.150829	0.796360
5.151829	0.797392
5.152829	0.798447
5.153829	0.799522
5.154829	0.800616
5.155829	0.801730
5.156829	0.802861
5.157829	0.804008
5.158829	0.805171
5.159829	0.806349
5.160829	0.807539
5.161829	0.808742
5.162829	0.809956
5.163829	0.811180
5.164829	0.812412
5.165829	0.813652
5.166829	0.814898
5.167829	0.816150
5.168829	0.817405
5.169829	0.818663
5.170829	0.819923
5.171829	0.821182
5.172829	0.822441
5.173829	0.823698
5.174829	0.824950
5.175829	0.826198
5.176829	0.827440
5.177829	0.828675
5.178829	0.829901
5.179829	0.831117
5.180829	0.832323
5.181829	0.833515
5.182829	0.834694
5.183829	0.835858
5.184829	0.837006
5.185829	0.838136
5.186829	0.839248
5.187829	0.840339
5.188829	0.841410
5.189829	0.842458
5.190829	0.843482
5.191829	0.844481
5.192829	0.845454
5.193829	0.846399
5.194829	0.847316
5.195829	0.848203
5.196829	0.849060
5.197829	0.849884
5.198829	0.850675
5.199829	0.851431
5.200829	0.852152
5.201829	0.852837
5.202829	0.853483
5.203829	0.854091
5.204829	0.854660
5.205829	0.855187
5.206829	0.855672
5.207829	0.856115
5.208829	0.856514
5.209829	0.856868
5.210829	0.857176
5.211829	0.857438
5.212829	0.857653
5.213829	0.857819
5.214829	0.857936
5.215829	0.858003
5.216829	0.858019
5.217829	0.857984
5.218829	0.857897
5.219829	0.857758
5.220829	0.857564
5.221829	0.857317
5.222829	0.857015
5.223829	0.856658
5.224829	0.856245
5.225829	0.855777
5.226829	0.855251
5.227829	0.854669
5.228829	0.854029
5.229829	0.853331
5.230829	0.852576
5.231829	0.851762
5.232829	0.850890
5.233829	0.849959
5.234829	0.848970
5.235829	0.847921
5.236829	0.846814
5.237829	0.845648
5.238829	0.844423
5.239829	0.843140
5.240829	0.841798
5.241829	0.840398
5.242829	0.838939
5.243829	0.837423
5.244829	0.835849
5.245829	0.834219
5.246829	0.832531
5.247829	0.830788
5.248829	0.828989
5.249829	0.827134
5.250829	0.825226
5.251829	0.823263
5.252829	0.821248
5.253829	0.819180
5.254829	0.817061
5.255829	0.814891
5.256829	0.812672
5.257829	0.810403
5.258829	0.808086
5.259829	0.805723
5.260829	0.803314
5.261829	0.800860
5.262829	0.798362
5.263829	0.795822
5.264829	0.793240
5.265829	0.790618
5.266829	0.787957
5.267829	0.785258
5.268829	0.782524
5.269829	0.779754
5.270829	0.776950
5.271829	0.774115
5.272829	0.771248
5.273829	0.768353
5.274829	0.765429
5.275829	0.762480
5.276829	0.759505
5.277829	0.756508
5.278829	0.753489
5.279829	0.750450
5.280829	0.747393
5.281829	0.744319
5.282829	0.741231
5.283829	0.738130
5.284829	0.735017
5.285829	0.731894
5.286829	0.728764
5.287829	0.725628
5.288829	0.722488
5.289829	0.719346
5.290829	0.716203
5.291829	0.713062
5.292829	0.709924
5.293829	0.706791
5.294829	0.703666
5.295829	0.700550
5.296829	0.697445
5.297829	0.694354
5.298829	0.691278
5.299829	0.688218
5.300829	0.685179
5.301829	0.682160
5.302829	0.679165
5.303829	0.676195
5.304829	0.673252
5.305829	0.670339
5.306829	0.667458
5.307829	0.664610
5.308829	0.661799
5.309829	0.659024
5.310829	0.656290
5.311829	0.653598
5.312829	0.650951
5.313829	0.648349
5.314829	0.645796
5.315829	0.643294
5.316829	0.640844
5.317829	0.638449
5.318829	0.636111
5.319829	0.633832
5.320829	0.631614
5.321829	0.629460
5.322829	0.627371
5.323829	0.625349
5.324829	0.623398
5.325829	0.621517
5.326829	0.619711
5.327829	0.617981
5.328829	0.616328
5.329829	0.614756
5.330829	0.613266
5.331829	0.611860
5.332829	0.610541
5.333829	0.609310
5.334829	0.608169
5.335829	0.607121
5.336829	0.606167
5.337829	0.605310
5.338829	0.604550
5.339829	0.603892
5.340829	0.603335
5.341829	0.602883
5.342829	0.602537
5.343829	0.602300
5.344829	0.602172
5.345829	0.602156
5.346829	0.602254
5.347829	0.602467
5.348829	0.602798
5.349829	0.603248
5.350829	0.603819
5.351829	0.604512
5.352829	0.605330
5.353829	0.606273
5.354829	0.607343
5.355829	0.608541
5.356829	0.609868
5.357829	0.611326
5.358829	0.612914
5.359829	0.614635
5.360829	0.616488
5.361829	0.618474
5.362829	0.620593
5.363829	0.622844
5.364829	0.625228
5.365829	0.627744
5.366829	0.630392
5.367829	0.633169
5.368829	0.636076
5.369829	0.639110
5.370829	0.642269
5.371829	0.645552
5.372829	0.648956
5.373829	0.652478
5.374829	0.656115
5.375829	0.659864
5.376829	0.663720
5.377829	0.667680
5.378829	0.671739
5.379829	0.675892
5.380829	0.680133
5.381829	0.684458
5.382829	0.688858
5.383829	0.693329
5.384829	0.697862
5.385829	0.702451
5.386829	0.707087
5.387829	0.711761
5.388829	0.716464
5.389829	0.721187
5.390829	0.725920
5.391829	0.730652
5.392829	0.735371
5.393829	0.740067
5.394829	0.744726
5.395829	0.749337
5.396829	0.753884
5.397829	0.758355
5.398829	0.762734
5.399829	0.767006
5.400829	0.771155
5.401829	0.775164
5.402829	0.779017
5.403829	0.782694
5.404829	0.786178
5.405829	0.789448
5.406829	0.792485
5.407829	0.795269
5.408829	0.797776
5.409829	0.799985
5.410829	0.801873
5.411829	0.803416
5.412829	0.804589
5.413829	0.805367
5.414829	0.805724
5.415829	0.805632
5.416829	0.805064
5.417829	0.803990
5.418829	0.802382
5.419829	0.800208
5.420829	0.797438
5.421829	0.794038
5.422829	0.789977
5.423829	0.785219
5.424829	0.779730
5.425829	0.773474
5.426829	0.766414
5.427829	0.758512
5.428829	0.749729
5.429829	0.740025
5.430829	0.729361
5.431829	0.717693
5.432829	0.704979
5.433829	0.691176
5.434829	0.676237
5.435829	0.660118
5.436829	0.642771
5.437829	0.624148
5.438829	0.604200
5.439829	0.582876
5.440829	0.560126
5.441829	0.535896
5.442829	0.510133
5.443829	0.482782
5.444829	0.453787
5.445829	0.423091
5.446829	0.390635
5.447829	0.356360
5.448829	0.320205
5.449829	0.282108
