1.164829	14.785875
1.165829	14.723684
1.166829	14.663175
1.167829	14.604305
1.168829	14.547034
1.169829	14.491321
1.170829	14.437127
1.171829	14.384411
1.172829	14.333136
1.173829	14.283263
1.174829	14.234754
1.175829	14.187573
1.176829	14.141683
1.177829	14.097048
1.178829	14.053633
1.179829	14.011403
1.180829	13.970324
1.181829	13.930363
1.182829	13.891486
1.183829	13.853661
1.184829	13.816856
1.185829	13.781039
1.186829	13.746180
1.187829	13.712248
1.188829	13.679213
1.189829	13.647047
1.190829	13.615720
1.191829	13.585204
1.192829	13.555470
1.193829	13.526493
1.194829	13.498245
1.195829	13.470700
1.196829	13.443832
1.197829	13.417616
1.198829	13.392026
1.199829	13.367040
1.200829	13.342632
1.201829	13.318779
1.202829	13.295459
1.203829	13.272649
1.204829	13.250327
1.205829	13.228472
1.206829	13.207062
1.207829	13.186077
1.208829	13.165497
1.209829	13.145302
1.210829	13.125472
1.211829	13.105989
1.212829	13.086834
1.213829	13.067990
1.214829	13.049438
1.215829	13.031162
1.216829	13.013145
1.217829	12.995369
1.218829	12.977821
1.219829	12.960483
1.220829	12.943341
1.221829	12.926380
1.222829	12.909585
1.223829	12.892943
1.224829	12.876440
1.225829	12.860062
1.226829	12.843797
1.227829	12.827633
1.228829	12.811556
1.229829	12.795556
1.230829	12.779621
1.231829	12.763740
1.232829	12.747901
1.233829	12.732096
1.234829	12.716313
1.235829	12.700543
1.236829	12.684777
1.237829	12.669005
1.238829	12.653218
1.239829	12.637410
1.240829	12.621570
1.241829	12.605692
1.242829	12.589768
1.243829	12.573790
1.244829	12.557753
1.245829	12.541648
1.246829	12.525471
1.247829	12.509215
1.248829	12.492873
1.249829	12.476442
1.250829	12.459915
1.251829	12.443288
1.252829	12.426556
1.253829	12.409715
1.254829	12.392760
1.255829	12.375687
1.256829	12.358494
1.257829	12.341176
1.258829	12.323731
1.259829	12.306155
1.260829	12.288447
1.261829	12.270602
1.262829	12.252620
1.263829	12.234499
1.264829	12.216235
1.265829	12.197829
1.266829	12.179278
1.267829	12.160582
1.268829	12.141739
1.269829	12.122749
1.270829	12.103611
1.271829	12.084324
1.272829	12.064890
1.273829	12.045307
1.274829	12.025575
1.275829	12.005696
1.276829	11.985669
1.277829	11.965496
1.278829	11.945177
1.279829	11.924712
1.280829	11.904104
1.281829	11.883354
1.282829	11.862462
1.283829	11.841431
1.284829	11.820263
1.285829	11.798958
1.286829	11.777519
1.287829	11.755949
1.288829	11.734248
1.289829	11.712421
1.290829	11.690468
1.291829	11.668394
1.292829	11.646199
1.293829	11.623887
1.294829	11.601462
1.295829	11.578925
1.296829	11.556280
1.297829	11.533530
1.298829	11.510678
1.299829	11.487727
1.300829	11.464681
1.301829	11.441543
1.302829	11.418317
1.303829	11.395005
1.304829	11.371613
1.305829	11.348142
1.306829	11.324597
1.307829	11.300982
1.308829	11.277300
1.309829	11.253556
1.310829	11.229752
1.311829	11.205893
1.312829	11.181983
1.313829	11.158025
1.314829	11.134023
1.315829	11.109982
1.316829	11.085905
1.317829	11.061796
1.318829	11.037659
1.319829	11.013497
1.320829	10.989316
1.321829	10.965118
1.322829	10.940908
1.323829	10.916688
1.324829	10.892464
1.325829	10.868239
1.326829	10.844017
1.327829	10.819800
1.328829	10.795594
1.329829	10.771401
1.330829	10.747226
1.331829	10.723071
1.332829	10.698940
1.333829	10.674836
1.334829	10.650763
1.335829	10.626724
1.336829	10.602722
1.337829	10.578761
1.338829	10.554842
1.339829	10.530970
1.340829	10.507147
1.341829	10.483375
1.342829	10.459658
1.343829	10.435998
1.344829	10.412397
1.345829	10.388859
1.346829	10.365384
1.347829	10.341977
1.348829	10.318638
1.349829	10.295371
1.350829	10.272176
1.351829	10.249057
1.352829	10.226015
1.353829	10.203052
1.354829	10.180170
1.355829	10.157370
1.356829	10.134654
1.357829	10.112024
1.358829	10.089482
1.359829	10.067028
1.360829	10.044665
1.361829	10.022392
1.362829	10.000213
1.363829	9.978128
1.364829	9.956138
1.365829	9.934244
1.366829	9.912447
1.367829	9.890748
1.368829	9.869149
1.369829	9.847649
1.370829	9.826250
1.371829	9.804953
1.372829	9.783757
1.373829	9.762664
1.374829	9.741675
1.375829	9.720789
1.376829	9.700008
1.377829	9.679331
1.378829	9.658759
1.379829	9.638292
1.380829	9.617931
1.381829	9.597676
1.382829	9.577526
1.383829	9.557482
1.384829	9.537544
1.385829	9.517712
1.386829	9.497986
1.387829	9.478365
1.388829	9.458851
1.389829	9.439441
1.390829	9.420137
1.391829	9.400937
1.392829	9.381843
1.393829	9.362852
1.394829	9.343965
1.395829	9.325182
1.396829	9.306501
1.397829	9.287923
1.398829	9.269446
1.399829	9.251071
1.400829	9.232796
1.401829	9.214621
1.402829	9.196545
1.403829	9.178567
1.404829	9.160687
1.405829	9.142904
1.406829	9.125216
1.407829	9.107624
1.408829	9.090126
1.409829	9.072721
1.410829	9.055408
1.411829	9.038186
1.412829	9.021054
1.413829	9.004012
1.414829	8.987057
1.415829	8.970190
1.416829	8.953408
1.417829	8.936711
1.418829	8.920097
1.419829	8.903565
1.420829	8.887114
1.421829	8.870743
1.422829	8.854450
1.423829	8.838234
1.424829	8.822094
1.425829	8.806029
1.426829	8.790036
1.427829	8.774115
1.428829	8.758265
1.429829	8.742483
1.430829	8.726768
1.431829	8.711120
1.432829	8.695536
1.433829	8.680015
1.434829	8.664556
1.435829	8.649156
1.436829	8.633815
1.437829	8.618531
1.438829	8.603303
1.439829	8.588128
1.440829	8.573006
1.441829	8.557935
1.442829	8.542913
1.443829	8.527938
1.444829	8.513009
1.445829	8.498125
1.446829	8.483284
1.447829	8.468484
1.448829	8.453724
1.449829	8.439001
1.450829	8.424316
1.451829	8.409665
1.452829	8.395047
1.453829	8.380461
1.454829	8.365905
1.455829	8.351377
1.456829	8.336876
1.457829	8.322401
1.458829	8.307948
1.459829	8.293518
1.460829	8.279109
1.461829	8.264718
1.462829	8.250344
1.463829	8.235986
1.464829	8.221643
1.465829	8.207312
1.466829	8.192991
1.467829	8.178681
1.468829	8.164378
1.469829	8.150082
1.470829	8.135791
1.471829	8.121503
1.472829	8.107217
1.473829	8.092932
1.474829	8.078646
1.475829	8.064358
1.476829	8.050065
1.477829	8.035768
1.478829	8.021464
1.479829	8.007153
1.480829	7.992832
1.481829	7.978500
1.482829	7.964157
1.483829	7.949801
1.484829	7.935430
1.485829	7.921043
1.486829	7.906640
1.487829	7.892219
1.488829	7.877779
1.489829	7.863318
1.490829	7.848836
1.491829	7.834331
1.492829	7.819803
1.493829	7.805250
1.494829	7.790672
1.495829	7.776067
1.496829	7.761435
1.497829	7.746774
1.498829	7.732084
1.499829	7.717364
1.500829	7.702613
1.501829	7.687830
1.502829	7.673015
1.503829	7.658167
1.504829	7.643284
1.505829	7.628368
1.506829	7.613416
1.507829	7.598429
1.508829	7.583405
1.509829	7.568345
1.510829	7.553248
1.511829	7.538114
1.512829	7.522941
1.513829	7.507731
1.514829	7.492482
1.515829	7.477194
1.516829	7.461868
1.517829	7.446502
1.518829	7.431097
1.519829	7.415653
1.520829	7.400169
1.521829	7.384646
1.522829	7.369084
1.523829	7.353482
1.524829	7.337841
1.525829	7.322160
1.526829	7.306440
1.527829	7.290682
1.528829	7.274884
1.529829	7.259048
1.530829	7.243173
1.531829	7.227261
1.532829	7.211310
1.533829	7.195323
1.534829	7.179298
1.535829	7.163237
1.536829	7.147139
1.537829	7.131005
1.538829	7.114837
1.539829	7.098633
1.540829	7.082395
1.541829	7.066124
1.542829	7.049819
1.543829	7.033482
1.544829	7.017113
1.545829	7.000713
1.546829	6.984283
1.547829	6.967822
1.548829	6.951333
1.549829	6.934815
1.550829	6.918269
1.551829	6.901697
1.552829	6.885099
1.553829	6.868476
1.554829	6.851828
1.555829	6.835157
1.556829	6.818464
1.557829	6.801749
1.558829	6.785013
1.559829	6.768258
1.560829	6.751484
1.561829	6.734693
1.562829	6.717884
1.563829	6.701061
1.564829	6.684222
1.565829	6.667370
1.566829	6.650505
1.567829	6.633629
1.568829	6.616743
1.569829	6.599848
1.570829	6.582944
1.571829	6.566034
1.572829	6.549118
1.573829	6.532197
1.574829	6.515273
1.575829	6.498347
1.576829	6.481420
1.577829	6.464493
1.578829	6.447568
1.579829	6.430645
1.580829	6.413726
1.581829	6.396813
1.582829	6.379905
1.583829	6.363006
1.584829	6.346116
1.585829	6.329236
1.586829	6.312368
1.587829	6.295512
1.588829	6.278671
1.589829	6.261846
1.590829	6.245037
1.591829	6.228247
1.592829	6.211476
1.593829	6.194726
1.594829	6.177999
1.595829	6.161295
1.596829	6.144616
1.597829	6.127963
1.598829	6.111338
1.599829	6.094742
1.600829	6.078176
1.601829	6.061642
1.602829	6.045141
1.603829	6.028674
1.604829	6.012243
1.605829	5.995850
1.606829	5.979495
1.607829	5.963180
1.608829	5.946906
1.609829	5.930674
1.610829	5.914487
1.611829	5.898345
1.612829	5.882249
1.613829	5.866201
1.614829	5.850203
1.615829	5.834255
1.616829	5.818360
1.617829	5.802517
1.618829	5.786729
1.619829	5.770997
1.620829	5.755322
1.621829	5.739706
1.622829	5.724149
1.623829	5.708654
1.624829	5.693220
1.625829	5.677850
1.626829	5.662546
1.627829	5.647307
1.628829	5.632135
1.629829	5.617032
1.630829	5.601999
1.631829	5.587036
1.632829	5.572146
1.633829	5.557329
1.634829	5.542586
1.635829	5.527919
1.636829	5.513328
1.637829	5.498816
1.638829	5.484382
1.639829	5.470028
1.640829	5.455756
1.641829	5.441565
1.642829	5.427458
1.643829	5.413435
1.644829	5.399497
1.645829	5.385646
1.646829	5.371881
1.647829	5.358205
1.648829	5.344618
1.649829	5.331121
1.650829	5.317715
1.651829	5.304400
1.652829	5.291179
1.653829	5.278050
1.654829	5.265016
1.655829	5.252078
1.656829	5.239235
1.657829	5.226488
1.658829	5.213840
1.659829	5.201289
1.660829	5.188837
1.661829	5.176484
1.662829	5.164232
1.663829	5.152080
1.664829	5.140029
1.665829	5.128080
1.666829	5.116234
1.667829	5.104490
1.668829	5.092850
1.669829	5.081314
1.670829	5.069881
1.671829	5.058554
1.672829	5.047331
1.673829	5.036214
1.674829	5.025202
1.675829	5.014297
1.676829	5.003497
1.677829	4.992804
1.678829	4.982218
1.679829	4.971738
1.680829	4.961365
1.681829	4.951099
1.682829	4.940940
1.683829	4.930888
1.684829	4.920943
1.685829	4.911106
1.686829	4.901375
1.687829	4.891751
1.688829	4.882234
1.689829	4.872824
1.690829	4.863520
1.691829	4.854322
1.692829	4.845230
1.693829	4.836244
1.694829	4.827364
1.695829	4.818589
1.696829	4.809918
1.697829	4.801352
1.698829	4.792890
1.699829	4.784532
1.700829	4.776277
1.701829	4.768125
1.702829	4.760075
1.703829	4.752127
1.704829	4.744280
1.705829	4.736533
1.706829	4.728887
1.707829	4.721340
1.708829	4.713892
1.709829	4.706543
1.710829	4.699290
1.711829	4.692135
1.712829	4.685075
1.713829	4.678111
1.714829	4.671242
1.715829	4.664466
1.716829	4.657784
1.717829	4.651194
1.718829	4.644695
1.719829	4.638286
1.720829	4.631967
1.721829	4.625737
1.722829	4.619595
1.723829	4.613540
1.724829	4.607571
1.725829	4.601686
1.726829	4.595886
1.727829	4.590169
1.728829	4.584534
1.729829	4.578980
1.730829	4.573506
1.731829	4.568111
1.732829	4.562794
1.733829	4.557554
1.734829	4.552389
1.735829	4.547299
1.736829	4.542283
1.737829	4.537339
1.738829	4.532466
1.739829	4.527663
1.740829	4.522929
1.741829	4.518263
1.742829	4.513664
1.743829	4.509130
1.744829	4.504659
1.745829	4.500252
1.746829	4.495907
1.747829	4.491622
1.748829	4.487396
1.749829	4.483228
1.750829	4.479117
1.751829	4.475061
1.752829	4.471060
1.753829	4.467111
1.754829	4.463214
1.755829	4.459367
1.756829	4.455570
1.757829	4.451820
1.758829	4.448116
1.759829	4.444457
1.760829	4.440842
1.761829	4.437270
1.762829	4.433738
1.763829	4.430247
1.764829	4.426793
1.765829	4.423377
1.766829	4.419996
1.767829	4.416650
1.768829	4.413337
1.769829	4.410056
1.770829	4.406805
1.771829	4.403583
1.772829	4.400388
1.773829	4.397220
1.774829	4.394077
1.775829	4.390957
1.776829	4.387860
1.777829	4.384783
1.778829	4.381726
1.779829	4.378687
1.780829	4.375665
1.781829	4.372659
1.782829	4.369667
1.783829	4.366687
1.784829	4.363720
1.785829	4.360762
1.786829	4.357813
1.787829	4.354872
1.788829	4.351937
1.789829	4.349007
1.790829	4.346081
1.791829	4.343157
1.792829	4.340234
1.793829	4.337310
1.794829	4.334386
1.795829	4.331458
1.796829	4.328527
1.797829	4.325590
1.798829	4.322647
1.799829	4.319696
1.800829	4.316736
1.801829	4.313766
1.802829	4.310785
1.803829	4.307791
1.804829	4.304783
1.805829	4.301760
1.806829	4.298721
1.807829	4.295665
1.808829	4.292591
1.809829	4.289497
1.810829	4.286382
1.811829	4.283246
1.812829	4.280086
1.813829	4.276903
1.814829	4.273695
1.815829	4.270461
1.816829	4.267200
1.817829	4.263911
1.818829	4.260593
1.819829	4.257245
1.820829	4.253866
1.821829	4.250455
1.822829	4.247011
1.823829	4.243533
1.824829	4.240021
1.825829	4.236473
1.826829	4.232888
1.827829	4.229266
1.828829	4.225606
1.829829	4.221907
1.830829	4.218169
1.831829	4.214389
1.832829	4.210569
1.833829	4.206706
1.834829	4.202801
1.835829	4.198853
1.836829	4.194860
1.837829	4.190823
1.838829	4.186740
1.839829	4.182612
1.840829	4.178437
1.841829	4.174215
1.842829	4.169945
1.843829	4.165627
1.844829	4.161261
1.845829	4.156846
1.846829	4.152381
1.847829	4.147866
1.848829	4.143301
1.849829	4.138685
1.850829	4.134019
1.851829	4.129301
1.852829	4.124532
1.853829	4.119711
1.854829	4.114837
1.855829	4.109912
1.856829	4.104934
1.857829	4.099904
1.858829	4.094821
1.859829	4.089686
1.860829	4.084497
1.861829	4.079256
1.862829	4.073962
1.863829	4.068615
1.864829	4.063215
1.865829	4.057762
1.866829	4.052256
1.867829	4.046698
1.868829	4.041087
1.869829	4.035424
1.870829	4.029709
1.871829	4.023941
1.872829	4.018122
1.873829	4.012251
1.874829	4.006328
1.875829	4.000354
1.876829	3.994330
1.877829	3.988254
1.878829	3.982129
1.879829	3.975954
1.880829	3.969729
1.881829	3.963454
1.882829	3.957131
1.883829	3.950760
1.884829	3.944341
1.885829	3.937874
1.886829	3.931360
1.887829	3.924799
1.888829	3.918193
1.889829	3.911541
1.890829	3.904844
1.891829	3.898102
1.892829	3.891317
1.893829	3.884488
1.894829	3.877616
1.895829	3.870703
1.896829	3.863748
1.897829	3.856752
1.898829	3.849715
1.899829	3.842640
1.900829	3.835525
1.901829	3.828372
1.902829	3.821182
1.903829	3.813955
1.904829	3.806692
1.905829	3.799393
1.906829	3.792060
1.907829	3.784694
1.908829	3.777294
1.909829	3.769862
1.910829	3.762399
1.911829	3.754905
1.912829	3.747381
1.913829	3.739829
1.914829	3.732248
1.915829	3.724640
1.916829	3.717005
1.917829	3.709345
1.918829	3.701660
1.919829	3.693952
1.920829	3.686220
1.921829	3.678467
1.922829	3.670692
1.923829	3.662897
1.924829	3.655083
1.925829	3.647250
1.926829	3.639400
1.927829	3.631533
1.928829	3.623651
1.929829	3.615754
1.930829	3.607844
1.931829	3.599920
1.932829	3.591985
1.933829	3.584040
1.934829	3.576084
1.935829	3.568119
1.936829	3.560147
1.937829	3.552167
1.938829	3.544182
1.939829	3.536191
1.940829	3.528197
1.941829	3.520200
1.942829	3.512200
1.943829	3.504200
1.944829	3.496200
1.945829	3.488200
1.946829	3.480203
1.947829	3.472208
1.948829	3.464218
1.949829	3.456232
1.950829	3.448252
1.951829	3.440279
1.952829	3.432314
1.953829	3.424358
1.954829	3.416412
1.955829	3.408477
1.956829	3.400553
1.957829	3.392643
1.958829	3.384746
1.959829	3.376864
1.960829	3.368998
1.961829	3.361148
1.962829	3.353316
1.963829	3.345503
1.964829	3.337709
1.965829	3.329936
1.966829	3.322184
1.967829	3.314455
1.968829	3.306749
1.969829	3.299068
1.970829	3.291411
1.971829	3.283781
1.972829	3.276178
1.973829	3.268603
1.974829	3.261056
1.975829	3.253539
1.976829	3.246053
1.977829	3.238599
1.978829	3.231176
1.979829	3.223787
1.980829	3.216432
1.981829	3.209112
1.982829	3.201827
1.983829	3.194579
1.984829	3.187369
1.985829	3.180196
1.986829	3.173063
1.987829	3.165969
1.988829	3.158915
1.989829	3.151903
1.990829	3.144932
1.991829	3.138005
1.992829	3.131120
1.993829	3.124280
1.994829	3.117485
1.995829	3.110735
1.996829	3.104031
1.997829	3.097374
1.998829	3.090764
1.999829	3.084203
2.000829	3.077690
2.001829	3.071226
2.002829	3.064812
2.003829	3.058449
2.004829	3.052136
2.005829	3.045875
2.006829	3.039666
2.007829	3.033510
2.008829	3.027406
2.009829	3.021356
2.010829	3.015360
2.011829	3.009418
2.012829	3.003531
2.013829	2.997698
2.014829	2.991922
2.015829	2.986201
2.016829	2.980537
2.017829	2.974929
2.018829	2.969378
2.019829	2.963884
2.020829	2.958447
2.021829	2.953068
2.022829	2.947747
2.023829	2.942484
2.024829	2.937279
2.025829	2.932133
2.026829	2.927045
2.027829	2.922016
2.028829	2.917045
2.029829	2.912133
2.030829	2.907280
2.031829	2.902487
2.032829	2.897752
2.033829	2.893075
2.034829	2.888458
2.035829	2.883900
2.036829	2.879401
2.037829	2.874960
2.038829	2.870578
2.039829	2.866255
2.040829	2.861990
2.041829	2.857783
2.042829	2.853635
2.043829	2.849545
2.044829	2.845512
2.045829	2.841537
2.046829	2.837619
2.047829	2.833759
2.048829	2.829955
2.049829	2.826208
2.050829	2.822518
2.051829	2.818883
2.052829	2.815304
2.053829	2.811781
2.054829	2.808312
2.055829	2.804899
2.056829	2.801539
2.057829	2.798234
2.058829	2.794982
2.059829	2.791783
2.060829	2.788637
2.061829	2.785544
2.062829	2.782502
2.063829	2.779511
2.064829	2.776572
2.065829	2.773683
2.066829	2.770843
2.067829	2.768054
2.068829	2.765313
2.069829	2.762620
2.070829	2.759975
2.071829	2.757378
2.072829	2.754827
2.073829	2.752323
2.074829	2.749864
2.075829	2.747450
2.076829	2.745080
2.077829	2.742755
2.078829	2.740472
2.079829	2.738232
2.080829	2.736033
2.081829	2.733876
2.082829	2.731760
2.083829	2.729683
2.084829	2.727646
2.085829	2.725647
2.086829	2.723686
2.087829	2.721762
2.088829	2.719875
2.089829	2.718024
2.090829	2.716207
2.091829	2.714425
2.092829	2.712677
2.093829	2.710961
2.094829	2.709278
2.095829	2.707626
2.096829	2.706005
2.097829	2.704413
2.098829	2.702851
2.099829	2.701317
2.100829	2.699811
2.101829	2.698331
2.102829	2.696878
2.103829	2.695450
2.104829	2.694046
2.105829	2.692667
2.106829	2.691310
2.107829	2.689975
2.108829	2.688661
2.109829	2.687369
2.110829	2.686095
2.111829	2.684841
2.112829	2.683605
2.113829	2.682386
2.114829	2.681184
2.115829	2.679997
2.116829	2.678826
2.117829	2.677668
2.118829	2.676524
2.119829	2.675392
2.120829	2.674272
2.121829	2.673162
2.122829	2.672063
2.123829	2.670973
2.124829	2.669891
2.125829	2.668817
2.126829	2.667750
2.127829	2.666688
2.128829	2.665632
2.129829	2.664580
2.130829	2.663532
2.131829	2.662486
2.132829	2.661443
2.133829	2.660400
2.134829	2.659358
2.135829	2.658315
2.136829	2.657272
2.137829	2.656226
2.138829	2.655177
2.139829	2.654125
2.140829	2.653069
2.141829	2.652007
2.142829	2.650940
2.143829	2.649866
2.144829	2.648785
2.145829	2.647695
2.146829	2.646597
2.147829	2.645489
2.148829	2.644371
2.149829	2.643241
2.150829	2.642100
2.151829	2.640946
2.152829	2.639780
2.153829	2.638599
2.154829	2.637403
2.155829	2.636193
2.156829	2.634966
2.157829	2.633723
2.158829	2.632462
2.159829	2.631184
2.160829	2.629887
2.161829	2.628570
2.162829	2.627234
2.163829	2.625877
2.164829	2.624499
2.165829	2.623100
2.166829	2.621678
2.167829	2.620233
2.168829	2.618765
2.169829	2.617273
2.170829	2.615756
2.171829	2.614214
2.172829	2.612646
2.173829	2.611053
2.174829	2.609432
2.175829	2.607785
2.176829	2.606109
2.177829	2.604406
2.178829	2.602674
2.179829	2.600913
2.180829	2.599122
2.181829	2.597302
2.182829	2.595451
2.183829	2.593570
2.184829	2.591657
2.185829	2.589713
2.186829	2.587737
2.187829	2.585729
2.188829	2.583689
2.189829	2.581615
2.190829	2.579509
2.191829	2.577369
2.192829	2.575195
2.193829	2.572988
2.194829	2.570746
2.195829	2.568470
2.196829	2.566159
2.197829	2.563814
2.198829	2.561434
2.199829	2.559018
2.200829	2.556567
2.201829	2.554081
2.202829	2.551559
2.203829	2.549002
2.204829	2.546409
2.205829	2.543780
2.206829	2.541115
2.207829	2.538415
2.208829	2.535678
2.209829	2.532905
2.210829	2.530097
2.211829	2.527252
2.212829	2.524372
2.213829	2.521455
2.214829	2.518503
2.215829	2.515515
2.216829	2.512491
2.217829	2.509432
2.218829	2.506336
2.219829	2.503206
2.220829	2.500040
2.221829	2.496839
2.222829	2.493602
2.223829	2.490331
2.224829	2.487025
2.225829	2.483684
2.226829	2.480309
2.227829	2.476900
2.228829	2.473457
2.229829	2.469980
2.230829	2.466469
2.231829	2.462925
2.232829	2.459348
2.233829	2.455738
2.234829	2.452095
2.235829	2.448421
2.236829	2.444714
2.237829	2.440975
2.238829	2.437205
2.239829	2.433404
2.240829	2.429572
2.241829	2.425710
2.242829	2.421817
2.243829	2.417895
2.244829	2.413943
2.245829	2.409963
2.246829	2.405953
2.247829	2.401916
2.248829	2.397850
2.249829	2.393757
2.250829	2.389637
2.251829	2.385490
2.252829	2.381317
2.253829	2.377117
2.254829	2.372893
2.255829	2.368643
2.256829	2.364369
2.257829	2.360071
2.258829	2.355749
2.259829	2.351404
2.260829	2.347036
2.261829	2.342646
2.262829	2.338234
2.263829	2.333801
2.264829	2.329347
2.265829	2.324872
2.266829	2.320378
2.267829	2.315865
2.268829	2.311332
2.269829	2.306782
2.270829	2.302213
2.271829	2.297628
2.272829	2.293025
2.273829	2.288406
2.274829	2.283772
2.275829	2.279123
2.276829	2.274459
2.277829	2.269780
2.278829	2.265089
2.279829	2.260384
2.280829	2.255667
2.281829	2.250938
2.282829	2.246198
2.283829	2.241447
2.284829	2.236686
2.285829	2.231915
2.286829	2.227135
2.287829	2.222347
2.288829	2.217550
2.289829	2.212747
2.290829	2.207936
2.291829	2.203120
2.292829	2.198298
2.293829	2.193470
2.294829	2.188639
2.295829	2.183803
2.296829	2.178964
2.297829	2.174122
2.298829	2.169278
2.299829	2.164433
2.300829	2.159586
2.301829	2.154739
2.302829	2.149892
2.303829	2.145046
2.304829	2.140202
2.305829	2.135359
2.306829	2.130518
2.307829	2.125680
2.308829	2.120847
2.309829	2.116017
2.310829	2.111192
2.311829	2.106372
2.312829	2.101558
2.313829	2.096750
2.314829	2.091950
2.315829	2.087157
2.316829	2.082372
2.317829	2.077595
2.318829	2.072828
2.319829	2.068071
2.320829	2.063324
2.321829	2.058587
2.322829	2.053862
2.323829	2.049149
2.324829	2.044448
2.325829	2.039761
2.326829	2.035086
2.327829	2.030426
2.328829	2.025780
2.329829	2.021149
2.330829	2.016534
2.331829	2.011935
2.332829	2.007352
2.333829	2.002786
2.334829	1.998237
2.335829	1.993707
2.336829	1.989195
2.337829	1.984702
2.338829	1.980228
2.339829	1.975774
2.340829	1.971340
2.341829	1.966927
2.342829	1.962535
2.343829	1.958165
2.344829	1.953816
2.345829	1.949490
2.346829	1.945187
2.347829	1.940907
2.348829	1.936651
2.349829	1.932419
2.350829	1.928211
2.351829	1.924027
2.352829	1.919869
2.353829	1.915737
2.354829	1.911630
2.355829	1.907549
2.356829	1.903495
2.357829	1.899468
2.358829	1.895468
2.359829	1.891495
2.360829	1.887550
2.361829	1.883633
2.362829	1.879744
2.363829	1.875884
2.364829	1.872053
2.365829	1.868251
2.366829	1.864478
2.367829	1.860735
2.368829	1.857021
2.369829	1.853338
2.370829	1.849684
2.371829	1.846061
2.372829	1.842469
2.373829	1.838907
2.374829	1.835376
2.375829	1.831876
2.376829	1.828407
2.377829	1.824970
2.378829	1.821564
2.379829	1.818189
2.380829	1.814847
2.381829	1.811536
2.382829	1.808257
2.383829	1.805009
2.384829	1.801794
2.385829	1.798611
2.386829	1.795460
2.387829	1.792341
2.388829	1.789255
2.389829	1.786200
2.390829	1.783178
2.391829	1.780189
2.392829	1.777231
2.393829	1.774306
2.394829	1.771413
2.395829	1.768553
2.396829	1.765725
2.397829	1.762929
2.398829	1.760165
2.399829	1.757433
2.400829	1.754734
2.401829	1.752067
2.402829	1.749431
2.403829	1.746828
2.404829	1.744257
2.405829	1.741717
2.406829	1.739209
2.407829	1.736732
2.408829	1.734287
2.409829	1.731874
2.410829	1.729492
2.411829	1.727141
2.412829	1.724821
2.413829	1.722532
2.414829	1.720273
2.415829	1.718045
2.416829	1.715848
2.417829	1.713681
2.418829	1.711544
2.419829	1.709438
2.420829	1.707361
2.421829	1.705313
2.422829	1.703296
2.423829	1.701307
2.424829	1.699348
2.425829	1.697417
2.426829	1.695515
2.427829	1.693642
2.428829	1.691797
2.429829	1.689980
2.430829	1.688191
2.431829	1.686429
2.432829	1.684695
2.433829	1.682988
2.434829	1.681308
2.435829	1.679655
2.436829	1.678028
2.437829	1.676427
2.438829	1.674852
2.439829	1.673303
2.440829	1.671780
2.441829	1.670281
2.442829	1.668808
2.443829	1.667359
2.444829	1.665934
2.445829	1.664534
2.446829	1.663157
2.447829	1.661804
2.448829	1.660475
2.449829	1.659168
2.450829	1.657884
2.451829	1.656622
2.452829	1.655382
2.453829	1.654164
2.454829	1.652968
2.455829	1.651793
2.456829	1.650638
2.457829	1.649505
2.458829	1.648391
2.459829	1.647298
2.460829	1.646224
2.461829	1.645169
2.462829	1.644134
2.463829	1.643117
2.464829	1.642119
2.465829	1.641138
2.466829	1.640176
2.467829	1.639230
2.468829	1.638302
2.469829	1.637391
2.470829	1.636496
2.471829	1.635618
2.472829	1.634755
2.473829	1.633907
2.474829	1.633075
2.475829	1.632257
2.476829	1.631454
2.477829	1.630665
2.478829	1.629890
2.479829	1.629129
2.480829	1.628380
2.481829	1.627645
2.482829	1.626922
2.483829	1.626211
2.484829	1.625512
2.485829	1.624824
2.486829	1.624148
2.487829	1.623482
2.488829	1.622827
2.489829	1.622182
2.490829	1.621547
2.491829	1.620922
2.492829	1.620305
2.493829	1.619698
2.494829	1.619099
2.495829	1.618508
2.496829	1.617926
2.497829	1.617351
2.498829	1.616783
2.499829	1.616222
2.500829	1.615668
2.501829	1.615120
2.502829	1.614578
2.503829	1.614042
2.504829	1.613511
2.505829	1.612985
2.506829	1.612464
2.507829	1.611948
2.508829	1.611436
2.509829	1.610927
2.510829	1.610422
2.511829	1.609921
2.512829	1.609422
2.513829	1.608927
2.514829	1.608433
2.515829	1.607942
2.516829	1.607453
2.517829	1.606965
2.518829	1.606479
2.519829	1.605993
2.520829	1.605509
2.521829	1.605025
2.522829	1.604541
2.523829	1.604057
2.524829	1.603574
2.525829	1.603089
2.526829	1.602604
2.527829	1.602118
2.528829	1.601630
2.529829	1.601142
2.530829	1.600651
2.531829	1.600159
2.532829	1.599665
2.533829	1.599168
2.534829	1.598668
2.535829	1.598166
2.536829	1.597661
2.537829	1.597153
2.538829	1.596642
2.539829	1.596127
2.540829	1.595608
2.541829	1.595086
2.542829	1.594559
2.543829	1.594028
2.544829	1.593493
2.545829	1.592953
2.546829	1.592409
2.547829	1.591859
2.548829	1.591305
2.549829	1.590746
2.550829	1.590181
2.551829	1.589611
2.552829	1.589035
2.553829	1.588454
2.554829	1.587866
2.555829	1.587273
2.556829	1.586674
2.557829	1.586069
2.558829	1.585458
2.559829	1.584840
2.560829	1.584216
2.561829	1.583585
2.562829	1.582948
2.563829	1.582304
2.564829	1.581653
2.565829	1.580995
2.566829	1.580330
2.567829	1.579659
2.568829	1.578980
2.569829	1.578294
2.570829	1.577601
2.571829	1.576901
2.572829	1.576193
2.573829	1.575478
2.574829	1.574756
2.575829	1.574026
2.576829	1.573288
2.577829	1.572543
2.578829	1.571791
2.579829	1.571031
2.580829	1.570263
2.581829	1.569488
2.582829	1.568705
2.583829	1.567914
2.584829	1.567115
2.585829	1.566309
2.586829	1.565495
2.587829	1.564673
2.588829	1.563844
2.589829	1.563007
2.590829	1.562162
2.591829	1.561309
2.592829	1.560448
2.593829	1.559580
2.594829	1.558704
2.595829	1.557820
2.596829	1.556929
2.597829	1.556030
2.598829	1.555123
2.599829	1.554209
2.600829	1.553286
2.601829	1.552357
2.602829	1.551420
2.603829	1.550475
2.604829	1.549522
2.605829	1.548563
2.606829	1.547595
2.607829	1.546621
2.608829	1.545639
2.609829	1.544650
2.610829	1.543653
2.611829	1.542649
2.612829	1.541638
2.613829	1.540620
2.614829	1.539595
2.615829	1.538563
2.616829	1.537524
2.617829	1.536478
2.618829	1.535425
2.619829	1.534365
2.620829	1.533298
2.621829	1.532225
2.622829	1.531145
2.623829	1.530059
2.624829	1.528966
2.625829	1.527867
2.626829	1.526762
2.627829	1.525650
2.628829	1.524532
2.629829	1.523407
2.630829	1.522277
2.631829	1.521141
2.632829	1.519999
2.633829	1.518851
2.634829	1.517697
2.635829	1.516538
2.636829	1.515373
2.637829	1.514202
2.638829	1.513026
2.639829	1.511844
2.640829	1.510658
2.641829	1.509466
2.642829	1.508269
2.643829	1.507067
2.644829	1.505860
2.645829	1.504648
2.646829	1.503431
2.647829	1.502210
2.648829	1.500984
2.649829	1.499753
2.650829	1.498518
2.651829	1.497278
2.652829	1.496035
2.653829	1.494787
2.654829	1.493535
2.655829	1.492279
2.656829	1.491019
2.657829	1.489755
2.658829	1.488487
2.659829	1.487216
2.660829	1.485941
2.661829	1.484662
2.662829	1.483380
2.663829	1.482095
2.664829	1.480806
2.665829	1.479515
2.666829	1.478220
2.667829	1.476922
2.668829	1.475621
2.669829	1.474318
2.670829	1.473011
2.671829	1.471702
2.672829	1.470390
2.673829	1.469076
2.674829	1.467759
2.675829	1.466440
2.676829	1.465118
2.677829	1.463795
2.678829	1.462469
2.679829	1.461141
2.680829	1.459811
2.681829	1.458479
2.682829	1.457145
2.683829	1.455810
2.684829	1.454472
2.685829	1.453133
2.686829	1.451793
2.687829	1.450451
2.688829	1.449107
2.689829	1.447762
2.690829	1.446416
2.691829	1.445068
2.692829	1.443719
2.693829	1.442369
2.694829	1.441018
2.695829	1.439666
2.696829	1.438313
2.697829	1.436958
2.698829	1.435603
2.699829	1.434247
2.700829	1.432890
2.701829	1.431533
2.702829	1.430174
2.703829	1.428815
2.704829	1.427455
2.705829	1.426095
2.706829	1.424734
2.707829	1.423372
2.708829	1.422010
2.709829	1.420647
2.710829	1.419284
2.711829	1.417921
2.712829	1.416557
2.713829	1.415192
2.714829	1.413827
2.715829	1.412462
2.716829	1.411096
2.717829	1.409730
2.718829	1.408363
2.719829	1.406996
2.720829	1.405629
2.721829	1.404261
2.722829	1.402894
2.723829	1.401525
2.724829	1.400156
2.725829	1.398787
2.726829	1.397418
2.727829	1.396048
2.728829	1.394678
2.729829	1.393307
2.730829	1.391936
2.731829	1.390565
2.732829	1.389193
2.733829	1.387821
2.734829	1.386448
2.735829	1.385075
2.736829	1.383701
2.737829	1.382327
2.738829	1.380952
2.739829	1.379576
2.740829	1.378200
2.741829	1.376824
2.742829	1.375446
2.743829	1.374068
2.744829	1.372690
2.745829	1.371310
2.746829	1.369930
2.747829	1.368549
2.748829	1.367167
2.749829	1.365784
2.750829	1.364401
2.751829	1.363016
2.752829	1.361630
2.753829	1.360244
2.754829	1.358856
2.755829	1.357467
2.756829	1.356077
2.757829	1.354686
2.758829	1.353294
2.759829	1.351900
2.760829	1.350506
2.761829	1.349109
2.762829	1.347712
2.763829	1.346313
2.764829	1.344912
2.765829	1.343510
2.766829	1.342106
2.767829	1.340701
2.768829	1.339294
2.769829	1.337886
2.770829	1.336475
2.771829	1.335063
2.772829	1.333649
2.773829	1.332233
2.774829	1.330815
2.775829	1.329396
2.776829	1.327974
2.777829	1.326550
2.778829	1.325124
2.779829	1.323695
2.780829	1.322265
2.781829	1.320832
2.782829	1.319397
2.783829	1.317959
2.784829	1.316519
2.785829	1.315077
2.786829	1.313632
2.787829	1.312185
2.788829	1.310735
2.789829	1.309282
2.790829	1.307826
2.791829	1.306368
2.792829	1.304907
2.793829	1.303443
2.794829	1.301977
2.795829	1.300507
2.796829	1.299035
2.797829	1.297559
2.798829	1.296080
2.799829	1.294599
2.800829	1.293114
2.801829	1.291626
2.802829	1.290134
2.803829	1.288640
2.804829	1.287142
2.805829	1.285641
2.806829	1.284136
2.807829	1.282628
2.808829	1.281117
2.809829	1.279602
2.810829	1.278084
2.811829	1.276562
2.812829	1.275036
2.813829	1.273507
2.814829	1.271975
2.815829	1.270438
2.816829	1.268898
2.817829	1.267355
2.818829	1.265807
2.819829	1.264256
2.820829	1.262701
2.821829	1.261142
2.822829	1.259580
2.823829	1.258013
2.824829	1.256443
2.825829	1.254869
2.826829	1.253291
2.827829	1.251709
2.828829	1.250123
2.829829	1.248533
2.830829	1.246939
2.831829	1.245342
2.832829	1.243740
2.833829	1.242135
2.834829	1.240525
2.835829	1.238912
2.836829	1.237295
2.837829	1.235673
2.838829	1.234048
2.839829	1.232419
2.840829	1.230786
2.841829	1.229149
2.842829	1.227508
2.843829	1.225864
2.844829	1.224215
2.845829	1.222563
2.846829	1.220907
2.847829	1.219247
2.848829	1.217583
2.849829	1.215915
2.850829	1.214244
2.851829	1.212569
2.852829	1.210891
2.853829	1.209209
2.854829	1.207523
2.855829	1.205834
2.856829	1.204141
2.857829	1.202445
2.858829	1.200745
2.859829	1.199043
2.860829	1.197336
2.861829	1.195627
2.862829	1.193914
2.863829	1.192199
2.864829	1.190480
2.865829	1.188758
2.866829	1.187033
2.867829	1.185306
2.868829	1.183575
2.869829	1.181842
2.870829	1.180107
2.871829	1.178368
2.872829	1.176628
2.873829	1.174885
2.874829	1.173139
2.875829	1.171392
2.876829	1.169642
2.877829	1.167890
2.878829	1.166137
2.879829	1.164382
2.880829	1.162625
2.881829	1.160866
2.882829	1.159106
2.883829	1.157345
2.884829	1.155582
2.885829	1.153818
2.886829	1.152054
2.887829	1.150288
2.888829	1.148522
2.889829	1.146755
2.890829	1.144988
2.891829	1.143221
2.892829	1.141453
2.893829	1.139685
2.894829	1.137918
2.895829	1.136150
2.896829	1.134383
2.897829	1.132617
2.898829	1.130851
2.899829	1.129087
2.900829	1.127323
2.901829	1.125561
2.902829	1.123800
2.903829	1.122040
2.904829	1.120282
2.905829	1.118526
2.906829	1.116772
2.907829	1.115020
2.908829	1.113271
2.909829	1.111524
2.910829	1.109780
2.911829	1.108039
2.912829	1.106301
2.913829	1.104566
2.914829	1.102834
2.915829	1.101107
2.916829	1.099383
2.917829	1.097663
2.918829	1.095947
2.919829	1.094236
2.920829	1.092529
2.921829	1.090827
2.922829	1.089129
2.923829	1.087437
2.924829	1.085750
2.925829	1.084069
2.926829	1.082394
2.927829	1.080724
2.928829	1.079060
2.929829	1.077403
2.930829	1.075752
2.931829	1.074108
2.932829	1.072471
2.933829	1.070841
2.934829	1.069218
2.935829	1.067602
2.936829	1.065994
2.937829	1.064394
2.938829	1.062802
2.939829	1.061219
2.940829	1.059643
2.941829	1.058077
2.942829	1.056519
2.943829	1.054970
2.944829	1.053430
2.945829	1.051900
2.946829	1.050380
2.947829	1.048869
2.948829	1.047368
2.949829	1.045877
2.950829	1.044397
2.951829	1.042928
2.952829	1.041469
2.953829	1.040021
2.954829	1.038584
2.955829	1.037159
2.956829	1.035745
2.957829	1.034342
2.958829	1.032952
2.959829	1.031574
2.960829	1.030208
2.961829	1.028854
2.962829	1.027513
2.963829	1.026185
2.964829	1.024870
2.965829	1.023568
2.966829	1.022279
2.967829	1.021004
2.968829	1.019743
2.969829	1.018495
2.970829	1.017262
2.971829	1.016042
2.972829	1.014837
2.973829	1.013647
2.974829	1.012471
2.975829	1.011310
2.976829	1.010164
2.977829	1.009033
2.978829	1.007918
2.979829	1.006817
2.980829	1.005733
2.981829	1.004664
2.982829	1.003612
2.983829	1.002575
2.984829	1.001554
2.985829	1.000550
2.986829	0.999562
2.987829	0.998591
2.988829	0.997637
2.989829	0.996699
2.990829	0.995779
2.991829	0.994875
2.992829	0.993989
2.993829	0.993120
2.994829	0.992269
2.995829	0.991435
2.996829	0.990619
2.997829	0.989820
2.998829	0.989040
2.999829	0.988277
3.000829	0.987533
3.001829	0.986806
3.002829	0.986098
3.003829	0.985408
3.004829	0.984737
3.005829	0.984084
3.006829	0.983450
3.007829	0.982834
3.008829	0.982238
3.009829	0.981659
3.010829	0.981100
3.011829	0.980560
3.012829	0.980038
3.013829	0.979536
3.014829	0.979053
3.015829	0.978588
3.016829	0.978143
3.017829	0.977717
3.018829	0.977310
3.019829	0.976922
3.020829	0.976554
3.021829	0.976205
3.022829	0.975875
3.023829	0.975564
3.024829	0.975273
3.025829	0.975000
3.026829	0.974747
3.027829	0.974514
3.028829	0.974299
3.029829	0.974104
3.030829	0.973928
3.031829	0.973771
3.032829	0.973633
3.033829	0.973514
3.034829	0.973414
3.035829	0.973333
3.036829	0.973271
3.037829	0.973228
3.038829	0.973204
3.039829	0.973198
3.040829	0.973211
3.041829	0.973243
3.042829	0.973293
3.043829	0.973361
3.044829	0.973448
3.045829	0.973552
3.046829	0.973675
3.047829	0.973816
3.048829	0.973975
3.049829	0.974151
3.050829	0.974345
3.051829	0.974556
3.052829	0.974785
3.053829	0.975031
3.054829	0.975293
3.055829	0.975573
3.056829	0.975869
3.057829	0.976181
3.058829	0.976510
3.059829	0.976855
3.060829	0.977216
3.061829	0.977593
3.062829	0.977985
3.063829	0.978392
3.064829	0.978815
3.065829	0.979252
3.066829	0.979704
3.067829	0.980171
3.068829	0.980651
3.069829	0.981146
3.070829	0.981655
3.071829	0.982177
3.072829	0.982712
3.073829	0.983260
3.074829	0.983821
3.075829	0.984395
3.076829	0.984980
3.077829	0.985578
3.078829	0.986187
3.079829	0.986808
3.080829	0.987440
3.081829	0.988083
3.082829	0.988737
3.083829	0.989400
3.084829	0.990074
3.085829	0.990758
3.086829	0.991451
3.087829	0.992153
3.088829	0.992864
3.089829	0.993583
3.090829	0.994311
3.091829	0.995046
3.092829	0.995789
3.093829	0.996540
3.094829	0.997297
3.095829	0.998061
3.096829	0.998832
3.097829	0.999608
3.098829	1.000390
3.099829	1.001177
3.100829	1.001969
3.101829	1.002766
3.102829	1.003568
3.103829	1.004373
3.104829	1.005182
3.105829	1.005994
3.106829	1.006809
3.107829	1.007627
3.108829	1.008447
3.109829	1.009269
3.110829	1.010093
3.111829	1.010918
3.112829	1.011744
3.113829	1.012570
3.114829	1.013397
3.115829	1.014224
3.116829	1.015050
3.117829	1.015875
3.118829	1.016699
3.119829	1.017521
3.120829	1.018342
3.121829	1.019160
3.122829	1.019976
3.123829	1.020789
3.124829	1.021598
3.125829	1.022404
3.126829	1.023206
3.127829	1.024003
3.128829	1.024796
3.129829	1.025583
3.130829	1.026366
3.131829	1.027142
3.132829	1.027913
3.133829	1.028676
3.134829	1.029434
3.135829	1.030184
3.136829	1.030926
3.137829	1.031661
3.138829	1.032387
3.139829	1.033105
3.140829	1.033814
3.141829	1.034514
3.142829	1.035204
3.143829	1.035884
3.144829	1.036555
3.145829	1.037214
3.146829	1.037863
3.147829	1.038500
3.148829	1.039126
3.149829	1.039741
3.150829	1.040343
3.151829	1.040932
3.152829	1.041509
3.153829	1.042072
3.154829	1.042622
3.155829	1.043158
3.156829	1.043681
3.157829	1.044189
3.158829	1.044682
3.159829	1.045160
3.160829	1.045623
3.161829	1.046070
3.162829	1.046502
3.163829	1.046917
3.164829	1.047316
3.165829	1.047699
3.166829	1.048064
3.167829	1.048412
3.168829	1.048743
3.169829	1.049056
3.170829	1.049350
3.171829	1.049627
3.172829	1.049885
3.173829	1.050124
3.174829	1.050344
3.175829	1.050545
3.176829	1.050726
3.177829	1.050888
3.178829	1.051029
3.179829	1.051151
3.180829	1.051252
3.181829	1.051332
3.182829	1.051391
3.183829	1.051430
3.184829	1.051447
3.185829	1.051443
3.186829	1.051417
3.187829	1.051369
3.188829	1.051300
3.189829	1.051208
3.190829	1.051094
3.191829	1.050957
3.192829	1.050798
3.193829	1.050616
3.194829	1.050411
3.195829	1.050183
3.196829	1.049931
3.197829	1.049657
3.198829	1.049359
3.199829	1.049037
3.200829	1.048692
3.201829	1.048323
3.202829	1.047930
3.203829	1.047513
3.204829	1.047072
3.205829	1.046607
3.206829	1.046118
3.207829	1.045604
3.208829	1.045066
3.209829	1.044504
3.210829	1.043918
3.211829	1.043307
3.212829	1.042671
3.213829	1.042012
3.214829	1.041327
3.215829	1.040619
3.216829	1.039885
3.217829	1.039128
3.218829	1.038346
3.219829	1.037539
3.220829	1.036708
3.221829	1.035853
3.222829	1.034973
3.223829	1.034070
3.224829	1.033142
3.225829	1.032190
3.226829	1.031214
3.227829	1.030214
3.228829	1.029191
3.229829	1.028144
3.230829	1.027073
3.231829	1.025979
3.232829	1.024861
3.233829	1.023720
3.234829	1.022557
3.235829	1.021370
3.236829	1.020161
3.237829	1.018929
3.238829	1.017674
3.239829	1.016398
3.240829	1.015099
3.241829	1.013779
3.242829	1.012437
3.243829	1.011073
3.244829	1.009689
3.245829	1.008283
3.246829	1.006857
3.247829	1.005410
3.248829	1.003942
3.249829	1.002455
3.250829	1.000948
3.251829	0.999421
3.252829	0.997875
3.253829	0.996310
3.254829	0.994726
3.255829	0.993123
3.256829	0.991502
3.257829	0.989863
3.258829	0.988207
3.259829	0.986533
3.260829	0.984842
3.261829	0.983134
3.262829	0.981410
3.263829	0.979669
3.264829	0.977913
3.265829	0.976141
3.266829	0.974354
3.267829	0.972552
3.268829	0.970735
3.269829	0.968904
3.270829	0.967059
3.271829	0.965201
3.272829	0.963329
3.273829	0.961444
3.274829	0.959547
3.275829	0.957638
3.276829	0.955716
3.277829	0.953783
3.278829	0.951840
3.279829	0.949885
3.280829	0.947920
3.281829	0.945945
3.282829	0.943960
3.283829	0.941966
3.284829	0.939963
3.285829	0.937951
3.286829	0.935932
3.287829	0.933904
3.288829	0.931869
3.289829	0.929827
3.290829	0.927779
3.291829	0.925724
3.292829	0.923663
3.293829	0.921597
3.294829	0.919526
3.295829	0.917450
3.296829	0.915370
3.297829	0.913286
3.298829	0.911199
3.299829	0.909108
3.300829	0.907015
3.301829	0.904919
3.302829	0.902822
3.303829	0.900723
3.304829	0.898623
3.305829	0.896522
3.306829	0.894421
3.307829	0.892319
3.308829	0.890219
3.309829	0.888119
3.310829	0.886021
3.311829	0.883924
3.312829	0.881829
3.313829	0.879737
3.314829	0.877648
3.315829	0.875561
3.316829	0.873479
3.317829	0.871401
3.318829	0.869327
3.319829	0.867257
3.320829	0.865193
3.321829	0.863135
3.322829	0.861083
3.323829	0.859037
3.324829	0.856998
3.325829	0.854965
3.326829	0.852941
3.327829	0.850924
3.328829	0.848916
3.329829	0.846916
3.330829	0.844925
3.331829	0.842944
3.332829	0.840972
3.333829	0.839011
3.334829	0.837059
3.335829	0.835119
3.336829	0.833190
3.337829	0.831273
3.338829	0.829367
3.339829	0.827473
3.340829	0.825592
3.341829	0.823724
3.342829	0.821870
3.343829	0.820028
3.344829	0.818201
3.345829	0.816388
3.346829	0.814589
3.347829	0.812806
3.348829	0.811037
3.349829	0.809284
3.350829	0.807547
3.351829	0.805825
3.352829	0.804121
3.353829	0.802432
3.354829	0.800761
3.355829	0.799107
3.356829	0.797471
3.357829	0.795852
3.358829	0.794251
3.359829	0.792669
3.360829	0.791105
3.361829	0.789560
3.362829	0.788034
3.363829	0.786527
3.364829	0.785040
3.365829	0.783572
3.366829	0.782125
3.367829	0.780697
3.368829	0.779291
3.369829	0.777904
3.370829	0.776539
3.371829	0.775194
3.372829	0.773871
3.373829	0.772569
3.374829	0.771288
3.375829	0.770029
3.376829	0.768792
3.377829	0.767577
3.378829	0.766385
3.379829	0.765214
3.380829	0.764066
3.381829	0.762940
3.382829	0.761837
3.383829	0.760757
3.384829	0.759700
3.385829	0.758665
3.386829	0.757654
3.387829	0.756665
3.388829	0.755700
3.389829	0.754758
3.390829	0.753840
3.391829	0.752944
3.392829	0.752072
3.393829	0.751224
3.394829	0.750399
3.395829	0.749597
3.396829	0.748818
3.397829	0.748064
3.398829	0.747332
3.399829	0.746624
3.400829	0.745939
3.401829	0.745277
3.402829	0.744639
3.403829	0.744024
3.404829	0.743432
3.405829	0.742863
3.406829	0.742317
3.407829	0.741794
3.408829	0.741294
3.409829	0.740817
3.410829	0.740362
3.411829	0.739930
3.412829	0.739520
3.413829	0.739132
3.414829	0.738766
3.415829	0.738422
3.416829	0.738100
3.417829	0.737800
3.418829	0.737522
3.419829	0.737264
3.420829	0.737028
3.421829	0.736813
3.422829	0.736618
3.423829	0.736444
3.424829	0.736291
3.425829	0.736157
3.426829	0.736044
3.427829	0.735951
3.428829	0.735877
3.429829	0.735822
3.430829	0.735787
3.431829	0.735770
3.432829	0.735772
3.433829	0.735793
3.434829	0.735831
3.435829	0.735888
3.436829	0.735962
3.437829	0.736053
3.438829	0.736162
3.439829	0.736287
3.440829	0.736429
3.441829	0.736587
3.442829	0.736761
3.443829	0.736951
3.444829	0.737156
3.445829	0.737376
3.446829	0.737611
3.447829	0.737861
3.448829	0.738125
3.449829	0.738402
3.450829	0.738694
3.451829	0.738998
3.452829	0.739315
3.453829	0.739645
3.454829	0.739988
3.455829	0.740342
3.456829	0.740708
3.457829	0.741085
3.458829	0.741473
3.459829	0.741871
3.460829	0.742280
3.461829	0.742699
3.462829	0.743127
3.463829	0.743565
3.464829	0.744011
3.465829	0.744466
3.466829	0.744929
3.467829	0.745400
3.468829	0.745878
3.469829	0.746364
3.470829	0.746856
3.471829	0.747354
3.472829	0.747859
3.473829	0.748369
3.474829	0.748884
3.475829	0.749404
3.476829	0.749929
3.477829	0.750458
3.478829	0.750991
3.479829	0.751527
3.480829	0.752066
3.481829	0.752608
3.482829	0.753152
3.483829	0.753698
3.484829	0.754246
3.485829	0.754794
3.486829	0.755344
3.487829	0.755894
3.488829	0.756444
3.489829	0.756994
3.490829	0.757543
3.491829	0.758092
3.492829	0.758638
3.493829	0.759183
3.494829	0.759726
3.495829	0.760267
3.496829	0.760804
3.497829	0.761338
3.498829	0.761869
3.499829	0.762396
3.500829	0.762918
3.501829	0.763436
3.502829	0.763949
3.503829	0.764456
3.504829	0.764957
3.505829	0.765453
3.506829	0.765942
3.507829	0.766424
3.508829	0.766899
3.509829	0.767367
3.510829	0.767827
3.511829	0.768278
3.512829	0.768722
3.513829	0.769156
3.514829	0.769581
3.515829	0.769997
3.516829	0.770403
3.517829	0.770798
3.518829	0.771184
3.519829	0.771558
3.520829	0.771922
3.521829	0.772274
3.522829	0.772614
3.523829	0.772942
3.524829	0.773259
3.525829	0.773562
3.526829	0.773853
3.527829	0.774130
3.528829	0.774394
3.529829	0.774644
3.530829	0.774881
3.531829	0.775103
3.532829	0.775310
3.533829	0.775503
3.534829	0.775681
3.535829	0.775843
3.536829	0.775990
3.537829	0.776121
3.538829	0.776236
3.539829	0.776335
3.540829	0.776417
3.541829	0.776483
3.542829	0.776531
3.543829	0.776563
3.544829	0.776577
3.545829	0.776574
3.546829	0.776553
3.547829	0.776514
3.548829	0.776457
3.549829	0.776381
3.550829	0.776288
3.551829	0.776175
3.552829	0.776044
3.553829	0.775894
3.554829	0.775725
3.555829	0.775537
3.556829	0.775330
3.557829	0.775103
3.558829	0.774856
3.559829	0.774590
3.560829	0.774304
3.561829	0.773998
3.562829	0.773673
3.563829	0.773327
3.564829	0.772961
3.565829	0.772575
3.566829	0.772169
3.567829	0.771742
3.568829	0.771296
3.569829	0.770828
3.570829	0.770341
3.571829	0.769833
3.572829	0.769305
3.573829	0.768756
3.574829	0.768187
3.575829	0.767597
3.576829	0.766987
3.577829	0.766357
3.578829	0.765706
3.579829	0.765035
3.580829	0.764344
3.581829	0.763633
3.582829	0.762901
3.583829	0.762149
3.584829	0.761377
3.585829	0.760586
3.586829	0.759774
3.587829	0.758942
3.588829	0.758091
3.589829	0.757220
3.590829	0.756330
3.591829	0.755420
3.592829	0.754491
3.593829	0.753543
3.594829	0.752576
3.595829	0.751590
3.596829	0.750585
3.597829	0.749561
3.598829	0.748519
3.599829	0.747458
3.600829	0.746379
3.601829	0.745283
3.602829	0.744168
3.603829	0.743035
3.604829	0.741885
3.605829	0.740718
3.606829	0.739534
3.607829	0.738332
3.608829	0.737114
3.609829	0.735879
3.610829	0.734627
3.611829	0.733360
3.612829	0.732076
3.613829	0.730777
3.614829	0.729462
3.615829	0.728131
3.616829	0.726786
3.617829	0.725426
3.618829	0.724050
3.619829	0.722661
3.620829	0.721257
3.621829	0.719839
3.622829	0.718408
3.623829	0.716963
3.624829	0.715505
3.625829	0.714033
3.626829	0.712550
3.627829	0.711053
3.628829	0.709544
3.629829	0.708024
3.630829	0.706491
3.631829	0.704948
3.632829	0.703393
3.633829	0.701827
3.634829	0.700251
3.635829	0.698664
3.636829	0.697067
3.637829	0.695460
3.638829	0.693844
3.639829	0.692219
3.640829	0.690585
3.641829	0.688942
3.642829	0.687290
3.643829	0.685631
3.644829	0.683964
3.645829	0.682289
3.646829	0.680608
3.647829	0.678919
3.648829	0.677224
3.649829	0.675522
3.650829	0.673815
3.651829	0.672101
3.652829	0.670383
3.653829	0.668659
3.654829	0.666930
3.655829	0.665197
3.656829	0.663460
3.657829	0.661719
3.658829	0.659974
3.659829	0.658226
3.660829	0.656475
3.661829	0.654722
3.662829	0.652966
3.663829	0.651207
3.664829	0.649448
3.665829	0.647686
3.666829	0.645924
3.667829	0.644160
3.668829	0.642396
3.669829	0.640632
3.670829	0.638868
3.671829	0.637104
3.672829	0.635341
3.673829	0.633579
3.674829	0.631818
3.675829	0.630058
3.676829	0.628301
3.677829	0.626545
3.678829	0.624792
3.679829	0.623042
3.680829	0.621294
3.681829	0.619550
3.682829	0.617810
3.683829	0.616073
3.684829	0.614340
3.685829	0.612612
3.686829	0.610889
3.687829	0.609170
3.688829	0.607457
3.689829	0.605749
3.690829	0.604047
3.691829	0.602351
3.692829	0.600662
3.693829	0.598978
3.694829	0.597302
3.695829	0.595633
3.696829	0.593972
3.697829	0.592318
3.698829	0.590671
3.699829	0.589033
3.700829	0.587403
3.701829	0.585782
3.702829	0.584170
3.703829	0.582567
3.704829	0.580973
3.705829	0.579388
3.706829	0.577814
3.707829	0.576249
3.708829	0.574694
3.709829	0.573150
3.710829	0.571617
3.711829	0.570094
3.712829	0.568582
3.713829	0.567082
3.714829	0.565592
3.715829	0.564115
3.716829	0.562649
3.717829	0.561195
3.718829	0.559754
3.719829	0.558324
3.720829	0.556907
3.721829	0.555503
3.722829	0.554112
3.723829	0.552733
3.724829	0.551368
3.725829	0.550015
3.726829	0.548677
3.727829	0.547351
3.728829	0.546039
3.729829	0.544741
3.730829	0.543457
3.731829	0.542187
3.732829	0.540931
3.733829	0.539689
3.734829	0.538461
3.735829	0.537248
3.736829	0.536049
3.737829	0.534864
3.738829	0.533695
3.739829	0.532539
3.740829	0.531399
3.741829	0.530273
3.742829	0.529162
3.743829	0.528066
3.744829	0.526985
3.745829	0.525918
3.746829	0.524867
3.747829	0.523830
3.748829	0.522809
3.749829	0.521802
3.750829	0.520811
3.751829	0.519834
3.752829	0.518872
3.753829	0.517926
3.754829	0.516994
3.755829	0.516077
3.756829	0.515175
3.757829	0.514288
3.758829	0.513415
3.759829	0.512558
3.760829	0.511715
3.761829	0.510887
3.762829	0.510073
3.763829	0.509274
3.764829	0.508490
3.765829	0.507719
3.766829	0.506964
3.767829	0.506222
3.768829	0.505495
3.769829	0.504782
3.770829	0.504083
3.771829	0.503397
3.772829	0.502726
3.773829	0.502068
3.774829	0.501424
3.775829	0.500794
3.776829	0.500177
3.777829	0.499573
3.778829	0.498982
3.779829	0.498405
3.780829	0.497840
3.781829	0.497288
3.782829	0.496749
3.783829	0.496222
3.784829	0.495708
3.785829	0.495206
3.786829	0.494716
3.787829	0.494238
3.788829	0.493772
3.789829	0.493318
3.790829	0.492875
3.791829	0.492443
3.792829	0.492022
3.793829	0.491613
3.794829	0.491214
3.795829	0.490826
3.796829	0.490449
3.797829	0.490082
3.798829	0.489725
3.799829	0.489378
3.800829	0.489041
3.801829	0.488713
3.802829	0.488395
3.803829	0.488086
3.804829	0.487786
3.805829	0.487495
3.806829	0.487213
3.807829	0.486939
3.808829	0.486674
3.809829	0.486416
3.810829	0.486167
3.811829	0.485925
3.812829	0.485690
3.813829	0.485463
3.814829	0.485243
3.815829	0.485030
3.816829	0.484823
3.817829	0.484623
3.818829	0.484429
3.819829	0.484241
3.820829	0.484059
3.821829	0.483883
3.822829	0.483711
3.823829	0.483546
3.824829	0.483385
3.825829	0.483228
3.826829	0.483077
3.827829	0.482929
3.828829	0.482786
3.829829	0.482646
3.830829	0.482510
3.831829	0.482378
3.832829	0.482249
3.833829	0.482123
3.834829	0.481999
3.835829	0.481878
3.836829	0.481760
3.837829	0.481643
3.838829	0.481529
3.839829	0.481416
3.840829	0.481304
3.841829	0.481194
3.842829	0.481085
3.843829	0.480976
3.844829	0.480869
3.845829	0.480761
3.846829	0.480654
3.847829	0.480546
3.848829	0.480439
3.849829	0.480330
3.850829	0.480222
3.851829	0.480112
3.852829	0.480001
3.853829	0.479888
3.854829	0.479775
3.855829	0.479659
3.856829	0.479541
3.857829	0.479421
3.858829	0.479299
3.859829	0.479174
3.860829	0.479047
3.861829	0.478916
3.862829	0.478782
3.863829	0.478645
3.864829	0.478504
3.865829	0.478360
3.866829	0.478211
3.867829	0.478058
3.868829	0.477901
3.869829	0.477740
3.870829	0.477573
3.871829	0.477402
3.872829	0.477226
3.873829	0.477044
3.874829	0.476857
3.875829	0.476664
3.876829	0.476466
3.877829	0.476261
3.878829	0.476051
3.879829	0.475834
3.880829	0.475611
3.881829	0.475381
3.882829	0.475144
3.883829	0.474900
3.884829	0.474650
3.885829	0.474392
3.886829	0.474127
3.887829	0.473854
3.888829	0.473574
3.889829	0.473285
3.890829	0.472989
3.891829	0.472685
3.892829	0.472373
3.893829	0.472053
3.894829	0.471724
3.895829	0.471386
3.896829	0.471040
3.897829	0.470685
3.898829	0.470322
3.899829	0.469949
3.900829	0.469568
3.901829	0.469177
3.902829	0.468777
3.903829	0.468368
3.904829	0.467949
3.905829	0.467521
3.906829	0.467084
3.907829	0.466637
3.908829	0.466180
3.909829	0.465713
3.910829	0.465237
3.911829	0.464751
3.912829	0.464255
3.913829	0.463749
3.914829	0.463233
3.915829	0.462708
3.916829	0.462172
3.917829	0.461626
3.918829	0.461070
3.919829	0.460505
3.920829	0.459929
3.921829	0.459343
3.922829	0.458746
3.923829	0.458140
3.924829	0.457524
3.925829	0.456897
3.926829	0.456261
3.927829	0.455614
3.928829	0.454958
3.929829	0.454291
3.930829	0.453614
3.931829	0.452928
3.932829	0.452231
3.933829	0.451524
3.934829	0.450808
3.935829	0.450081
3.936829	0.449345
3.937829	0.448599
3.938829	0.447844
3.939829	0.447078
3.940829	0.446303
3.941829	0.445519
3.942829	0.444725
3.943829	0.443922
3.944829	0.443109
3.945829	0.442287
3.946829	0.441455
3.947829	0.440615
3.948829	0.439766
3.949829	0.438907
3.950829	0.438040
3.951829	0.437163
3.952829	0.436278
3.953829	0.435385
3.954829	0.434482
3.955829	0.433572
3.956829	0.432653
3.957829	0.431725
3.958829	0.430790
3.959829	0.429846
3.960829	0.428895
3.961829	0.427936
3.962829	0.426968
3.963829	0.425994
3.964829	0.425011
3.965829	0.424022
3.966829	0.423025
3.967829	0.422021
3.968829	0.421010
3.969829	0.419992
3.970829	0.418967
3.971829	0.417935
3.972829	0.416897
3.973829	0.415853
3.974829	0.414802
3.975829	0.413745
3.976829	0.412682
3.977829	0.411614
3.978829	0.410539
3.979829	0.409459
3.980829	0.408374
3.981829	0.407283
3.982829	0.406187
3.983829	0.405086
3.984829	0.403980
3.985829	0.402869
3.986829	0.401754
3.987829	0.400634
3.988829	0.399510
3.989829	0.398382
3.990829	0.397250
3.991829	0.396114
3.992829	0.394974
3.993829	0.393831
3.994829	0.392684
3.995829	0.391534
3.996829	0.390381
3.997829	0.389225
3.998829	0.388067
3.999829	0.386905
4.000829	0.385742
4.001829	0.384576
4.002829	0.383408
4.003829	0.382238
4.004829	0.381066
4.005829	0.379892
4.006829	0.378717
4.007829	0.377541
4.008829	0.376363
4.009829	0.375184
4.010829	0.374005
4.011829	0.372825
4.012829	0.371644
4.013829	0.370463
4.014829	0.369282
4.015829	0.368100
4.016829	0.366919
4.017829	0.365738
4.018829	0.364557
4.019829	0.363377
4.020829	0.362198
4.021829	0.361019
4.022829	0.359842
4.023829	0.358665
4.024829	0.357490
4.025829	0.356317
4.026829	0.355145
4.027829	0.353975
4.028829	0.352807
4.029829	0.351641
4.030829	0.350478
4.031829	0.349316
4.032829	0.348158
4.033829	0.347002
4.034829	0.345849
4.035829	0.344699
4.036829	0.343552
4.037829	0.342408
4.038829	0.341268
4.039829	0.340131
4.040829	0.338998
4.041829	0.337869
4.042829	0.336744
4.043829	0.335623
4.044829	0.334506
4.045829	0.333394
4.046829	0.332286
4.047829	0.331183
4.048829	0.330085
4.049829	0.328992
4.050829	0.327903
4.051829	0.326820
4.052829	0.325742
4.053829	0.324670
4.054829	0.323603
4.055829	0.322542
4.056829	0.321486
4.057829	0.320436
4.058829	0.319393
4.059829	0.318355
4.060829	0.317324
4.061829	0.316299
4.062829	0.315280
4.063829	0.314268
4.064829	0.313262
4.065829	0.312264
4.066829	0.311271
4.067829	0.310286
4.068829	0.309308
4.069829	0.308337
4.070829	0.307373
4.071829	0.306416
4.072829	0.305467
4.073829	0.304524
4.074829	0.303590
4.075829	0.302663
4.076829	0.301743
4.077829	0.300831
4.078829	0.299927
4.079829	0.299030
4.080829	0.298142
4.081829	0.297261
4.082829	0.296388
4.083829	0.295523
4.084829	0.294666
4.085829	0.293818
4.086829	0.292977
4.087829	0.292144
4.088829	0.291320
4.089829	0.290504
4.090829	0.289696
4.091829	0.288896
4.092829	0.288105
4.093829	0.287322
4.094829	0.286547
4.095829	0.285780
4.096829	0.285022
4.097829	0.284272
4.098829	0.283531
4.099829	0.282797
4.100829	0.282073
4.101829	0.281356
4.102829	0.280648
4.103829	0.279948
4.104829	0.279257
4.105829	0.278574
4.106829	0.277899
4.107829	0.277233
4.108829	0.276575
4.109829	0.275925
4.110829	0.275283
4.111829	0.274650
4.112829	0.274025
4.113829	0.273408
4.114829	0.272799
4.115829	0.272198
4.116829	0.271605
4.117829	0.271021
4.118829	0.270444
4.119829	0.269875
4.120829	0.269315
4.121829	0.268762
4.122829	0.268217
4.123829	0.267680
4.124829	0.267150
4.125829	0.266628
4.126829	0.266114
4.127829	0.265607
4.128829	0.265108
4.129829	0.264617
4.130829	0.264133
4.131829	0.263656
4.132829	0.263186
4.133829	0.262724
4.134829	0.262269
4.135829	0.261821
4.136829	0.261380
4.137829	0.260946
4.138829	0.260518
4.139829	0.260098
4.140829	0.259684
4.141829	0.259277
4.142829	0.258877
4.143829	0.258483
4.144829	0.258095
4.145829	0.257714
4.146829	0.257339
4.147829	0.256970
4.148829	0.256607
4.149829	0.256251
4.150829	0.255900
4.151829	0.255555
4.152829	0.255216
4.153829	0.254882
4.154829	0.254554
4.155829	0.254231
4.156829	0.253914
4.157829	0.253602
4.158829	0.253295
4.159829	0.252993
4.160829	0.252696
4.161829	0.252404
4.162829	0.252117
4.163829	0.251835
4.164829	0.251557
4.165829	0.251283
4.166829	0.251014
4.167829	0.250749
4.168829	0.250489
4.169829	0.250232
4.170829	0.249979
4.171829	0.249730
4.172829	0.249485
4.173829	0.249244
4.174829	0.249006
4.175829	0.248771
4.176829	0.248540
4.177829	0.248311
4.178829	0.248086
4.179829	0.247864
4.180829	0.247645
4.181829	0.247428
4.182829	0.247215
4.183829	0.247003
4.184829	0.246794
4.185829	0.246587
4.186829	0.246383
4.187829	0.246180
4.188829	0.245980
4.189829	0.245781
4.190829	0.245584
4.191829	0.245389
4.192829	0.245195
4.193829	0.245002
4.194829	0.244811
4.195829	0.244621
4.196829	0.244432
4.197829	0.244244
4.198829	0.244056
4.199829	0.243870
4.200829	0.243684
4.201829	0.243498
4.202829	0.243313
4.203829	0.243127
4.204829	0.242942
4.205829	0.242757
4.206829	0.242572
4.207829	0.242387
4.208829	0.242201
4.209829	0.242015
4.210829	0.241828
4.211829	0.241641
4.212829	0.241453
4.213829	0.241264
4.214829	0.241074
4.215829	0.240882
4.216829	0.240690
4.217829	0.240496
4.218829	0.240301
4.219829	0.240104
4.220829	0.239906
4.221829	0.239705
4.222829	0.239503
4.223829	0.239299
4.224829	0.239093
4.225829	0.238885
4.226829	0.238674
4.227829	0.238461
4.228829	0.238245
4.229829	0.238027
4.230829	0.237806
4.231829	0.237582
4.232829	0.237356
4.233829	0.237126
4.234829	0.236893
4.235829	0.236657
4.236829	0.236418
4.237829	0.236175
4.238829	0.235929
4.239829	0.235679
4.240829	0.235426
4.241829	0.235169
4.242829	0.234908
4.243829	0.234643
4.244829	0.234374
4.245829	0.234101
4.246829	0.233824
4.247829	0.233543
4.248829	0.233257
4.249829	0.232967
4.250829	0.232672
4.251829	0.232373
4.252829	0.232069
4.253829	0.231760
4.254829	0.231446
4.255829	0.231128
4.256829	0.230805
4.257829	0.230476
4.258829	0.230143
4.259829	0.229804
4.260829	0.229461
4.261829	0.229112
4.262829	0.228757
4.263829	0.228397
4.264829	0.228032
4.265829	0.227661
4.266829	0.227285
4.267829	0.226903
4.268829	0.226515
4.269829	0.226122
4.270829	0.225722
4.271829	0.225317
4.272829	0.224906
4.273829	0.224489
4.274829	0.224067
4.275829	0.223638
4.276829	0.223203
4.277829	0.222761
4.278829	0.222314
4.279829	0.221860
4.280829	0.221401
4.281829	0.220935
4.282829	0.220462
4.283829	0.219983
4.284829	0.219498
4.285829	0.219007
4.286829	0.218509
4.287829	0.218004
4.288829	0.217493
4.289829	0.216976
4.290829	0.216451
4.291829	0.215921
4.292829	0.215383
4.293829	0.214839
4.294829	0.214288
4.295829	0.213731
4.296829	0.213167
4.297829	0.212596
4.298829	0.212018
4.299829	0.211434
4.300829	0.210843
4.301829	0.210245
4.302829	0.209640
4.303829	0.209028
4.304829	0.208409
4.305829	0.207784
4.306829	0.207152
4.307829	0.206513
4.308829	0.205866
4.309829	0.205214
4.310829	0.204554
4.311829	0.203887
4.312829	0.203213
4.313829	0.202533
4.314829	0.201845
4.315829	0.201151
4.316829	0.200450
4.317829	0.199741
4.318829	0.199026
4.319829	0.198304
4.320829	0.197575
4.321829	0.196839
4.322829	0.196097
4.323829	0.195347
4.324829	0.194591
4.325829	0.193827
4.326829	0.193057
4.327829	0.192280
4.328829	0.191496
4.329829	0.190706
4.330829	0.189908
4.331829	0.189104
4.332829	0.188293
4.333829	0.187475
4.334829	0.186651
4.335829	0.185820
4.336829	0.184982
4.337829	0.184137
4.338829	0.183286
4.339829	0.182428
4.340829	0.181563
4.341829	0.180692
4.342829	0.179815
4.343829	0.178931
4.344829	0.178040
4.345829	0.177143
4.346829	0.176239
4.347829	0.175329
4.348829	0.174413
4.349829	0.173490
4.350829	0.172561
4.351829	0.171625
4.352829	0.170684
4.353829	0.169736
4.354829	0.168782
4.355829	0.167822
4.356829	0.166855
4.357829	0.165883
4.358829	0.164904
4.359829	0.163920
4.360829	0.162929
4.361829	0.161933
4.362829	0.160931
4.363829	0.159923
4.364829	0.158909
4.365829	0.157889
4.366829	0.156864
4.367829	0.155833
4.368829	0.154796
4.369829	0.153754
4.370829	0.152706
4.371829	0.151653
4.372829	0.150594
4.373829	0.149530
4.374829	0.148461
4.375829	0.147386
4.376829	0.146307
4.377829	0.145222
4.378829	0.144131
4.379829	0.143036
4.380829	0.141936
4.381829	0.140831
4.382829	0.139721
4.383829	0.138606
4.384829	0.137486
4.385829	0.136362
4.386829	0.135233
4.387829	0.134099
4.388829	0.132961
4.389829	0.131818
4.390829	0.130671
4.391829	0.129519
4.392829	0.128363
4.393829	0.127203
4.394829	0.126039
4.395829	0.124871
4.396829	0.123698
4.397829	0.122522
4.398829	0.121341
4.399829	0.120157
4.400829	0.118969
4.401829	0.117777
4.402829	0.116582
4.403829	0.115383
4.404829	0.114180
4.405829	0.112975
4.406829	0.111765
4.407829	0.110553
4.408829	0.109337
4.409829	0.108118
4.410829	0.106895
4.411829	0.105670
4.412829	0.104442
4.413829	0.103211
4.414829	0.101977
4.415829	0.100741
4.416829	0.099502
4.417829	0.098260
4.418829	0.097016
4.419829	0.095769
4.420829	0.094520
4.421829	0.093269
4.422829	0.092015
4.423829	0.090759
4.424829	0.089502
4.425829	0.088242
4.426829	0.086981
4.427829	0.085717
4.428829	0.084452
4.429829	0.083186
4.430829	0.081917
4.431829	0.080648
4.432829	0.079377
4.433829	0.078104
4.434829	0.076831
4.435829	0.075556
4.436829	0.074280
4.437829	0.073003
4.438829	0.071725
4.439829	0.070447
4.440829	0.069167
4.441829	0.067887
4.442829	0.066607
4.443829	0.065326
4.444829	0.064044
4.445829	0.062763
4.446829	0.061481
4.447829	0.060199
4.448829	0.058916
4.449829	0.057634
4.450829	0.056352
4.451829	0.055070
4.452829	0.053789
4.453829	0.052508
4.454829	0.051227
4.455829	0.049947
4.456829	0.048667
4.457829	0.047388
4.458829	0.046110
4.459829	0.044833
4.460829	0.043557
4.461829	0.042282
4.462829	0.041008
4.463829	0.039735
4.464829	0.038464
4.465829	0.037193
4.466829	0.035925
4.467829	0.034658
4.468829	0.033393
4.469829	0.032129
4.470829	0.030867
4.471829	0.029607
4.472829	0.028350
4.473829	0.027094
4.474829	0.025840
4.475829	0.024589
4.476829	0.023340
4.477829	0.022093
4.478829	0.020849
4.479829	0.019608
4.480829	0.018369
4.481829	0.017133
4.482829	0.015900
4.483829	0.014670
4.484829	0.013442
4.485829	0.012218
4.486829	0.010997
4.487829	0.009780
4.488829	0.008565
4.489829	0.007354
4.490829	0.006147
4.491829	0.004943
4.492829	0.003743
4.493829	0.002547
4.494829	0.001354
4.495829	0.000165
4.496829	-0.001019
4.497829	-0.002200
4.498829	-0.003377
4.499829	-0.004549
4.500829	-0.005717
4.501829	-0.006880
4.502829	-0.008040
4.503829	-0.009194
4.504829	-0.010344
4.505829	-0.011489
4.506829	-0.012630
4.507829	-0.013766
4.508829	-0.014897
4.509829	-0.016022
4.510829	-0.017143
4.511829	-0.018259
4.512829	-0.019369
4.513829	-0.020475
4.514829	-0.021575
4.515829	-0.022669
4.516829	-0.023758
4.517829	-0.024842
4.518829	-0.025919
4.519829	-0.026992
4.520829	-0.028058
4.521829	-0.029119
4.522829	-0.030174
4.523829	-0.031222
4.524829	-0.032265
4.525829	-0.033302
4.526829	-0.034333
4.527829	-0.035357
4.528829	-0.036375
4.529829	-0.037387
4.530829	-0.038393
4.531829	-0.039392
4.532829	-0.040385
4.533829	-0.041371
4.534829	-0.042350
4.535829	-0.043323
4.536829	-0.044289
4.537829	-0.045249
4.538829	-0.046201
4.539829	-0.047147
4.540829	-0.048086
4.541829	-0.049017
4.542829	-0.049942
4.543829	-0.050860
4.544829	-0.051771
4.545829	-0.052674
4.546829	-0.053570
4.547829	-0.054459
4.548829	-0.055341
4.549829	-0.056215
4.550829	-0.057082
4.551829	-0.057942
4.552829	-0.058794
4.553829	-0.059639
4.554829	-0.060476
4.555829	-0.061305
4.556829	-0.062127
4.557829	-0.062942
4.558829	-0.063748
4.559829	-0.064547
4.560829	-0.065339
4.561829	-0.066122
4.562829	-0.066898
4.563829	-0.067665
4.564829	-0.068425
4.565829	-0.069178
4.566829	-0.069922
4.567829	-0.070658
4.568829	-0.071387
4.569829	-0.072107
4.570829	-0.072819
4.571829	-0.073524
4.572829	-0.074220
4.573829	-0.074909
4.574829	-0.075589
4.575829	-0.076261
4.576829	-0.076926
4.577829	-0.077582
4.578829	-0.078230
4.579829	-0.078870
4.580829	-0.079502
4.581829	-0.080126
4.582829	-0.080741
4.583829	-0.081349
4.584829	-0.081948
4.585829	-0.082540
4.586829	-0.083123
4.587829	-0.083698
4.588829	-0.084265
4.589829	-0.084824
4.590829	-0.085375
4.591829	-0.085917
4.592829	-0.086452
4.593829	-0.086979
4.594829	-0.087497
4.595829	-0.088008
4.596829	-0.088510
4.597829	-0.089005
4.598829	-0.089492
4.599829	-0.089970
4.600829	-0.090441
4.601829	-0.090904
4.602829	-0.091359
4.603829	-0.091806
4.604829	-0.092245
4.605829	-0.092676
4.606829	-0.093100
4.607829	-0.093516
4.608829	-0.093924
4.609829	-0.094325
4.610829	-0.094718
4.611829	-0.095103
4.612829	-0.095481
4.613829	-0.095851
4.614829	-0.096214
4.615829	-0.096569
4.616829	-0.096917
4.617829	-0.097258
4.618829	-0.097591
4.619829	-0.097917
4.620829	-0.098236
4.621829	-0.098547
4.622829	-0.098852
4.623829	-0.099149
4.624829	-0.099440
4.625829	-0.099723
4.626829	-0.100000
4.627829	-0.100270
4.628829	-0.100533
4.629829	-0.100789
4.630829	-0.101039
4.631829	-0.101282
4.632829	-0.101518
4.633829	-0.101748
4.634829	-0.101971
4.635829	-0.102189
4.636829	-0.102399
4.637829	-0.102604
4.638829	-0.102802
4.639829	-0.102995
4.640829	-0.103181
4.641829	-0.103362
4.642829	-0.103536
4.643829	-0.103705
4.644829	-0.103868
4.645829	-0.104025
4.646829	-0.104176
4.647829	-0.104322
4.648829	-0.104463
4.649829	-0.104598
4.650829	-0.104728
4.651829	-0.104853
4.652829	-0.104973
4.653829	-0.105087
4.654829	-0.105197
4.655829	-0.105301
4.656829	-0.105401
4.657829	-0.105496
4.658829	-0.105587
4.659829	-0.105672
4.660829	-0.105754
4.661829	-0.105830
4.662829	-0.105903
4.663829	-0.105971
4.664829	-0.106035
4.665829	-0.106096
4.666829	-0.106152
4.667829	-0.106204
4.668829	-0.106252
4.669829	-0.106297
4.670829	-0.106338
4.671829	-0.106375
4.672829	-0.106409
4.673829	-0.106440
4.674829	-0.106467
4.675829	-0.106491
4.676829	-0.106513
4.677829	-0.106531
4.678829	-0.106546
4.679829	-0.106558
4.680829	-0.106568
4.681829	-0.106575
4.682829	-0.106579
4.683829	-0.106581
4.684829	-0.106581
4.685829	-0.106579
4.686829	-0.106574
4.687829	-0.106567
4.688829	-0.106558
4.689829	-0.106548
4.690829	-0.106536
4.691829	-0.106522
4.692829	-0.106506
4.693829	-0.106489
4.694829	-0.106470
4.695829	-0.106451
4.696829	-0.106430
4.697829	-0.106408
4.698829	-0.106385
4.699829	-0.106361
4.700829	-0.106336
4.701829	-0.106311
4.702829	-0.106285
4.703829	-0.106258
4.704829	-0.106231
4.705829	-0.106204
4.706829	-0.106177
4.707829	-0.106149
4.708829	-0.106121
4.709829	-0.106094
4.710829	-0.106067
4.711829	-0.106040
4.712829	-0.106013
4.713829	-0.105987
4.714829	-0.105961
4.715829	-0.105937
4.716829	-0.105912
4.717829	-0.105889
4.718829	-0.105867
4.719829	-0.105846
4.720829	-0.105826
4.721829	-0.105807
4.722829	-0.105789
4.723829	-0.105774
4.724829	-0.105759
4.725829	-0.105746
4.726829	-0.105735
4.727829	-0.105726
4.728829	-0.105719
4.729829	-0.105714
4.730829	-0.105711
4.731829	-0.105710
4.732829	-0.105711
4.733829	-0.105715
4.734829	-0.105721
4.735829	-0.105730
4.736829	-0.105742
4.737829	-0.105757
4.738829	-0.105774
4.739829	-0.105794
4.740829	-0.105817
4.741829	-0.105844
4.742829	-0.105874
4.743829	-0.105907
4.744829	-0.105943
4.745829	-0.105983
4.746829	-0.106027
4.747829	-0.106074
4.748829	-0.106125
4.749829	-0.106180
4.750829	-0.106239
4.751829	-0.106302
4.752829	-0.106369
4.753829	-0.106440
4.754829	-0.106516
4.755829	-0.106596
4.756829	-0.106680
4.757829	-0.106769
4.758829	-0.106863
4.759829	-0.106961
4.760829	-0.107064
4.761829	-0.107172
4.762829	-0.107285
4.763829	-0.107403
4.764829	-0.107526
4.765829	-0.107654
4.766829	-0.107787
4.767829	-0.107926
4.768829	-0.108070
4.769829	-0.108220
4.770829	-0.108375
4.771829	-0.108536
4.772829	-0.108702
4.773829	-0.108875
4.774829	-0.109053
4.775829	-0.109237
4.776829	-0.109427
4.777829	-0.109623
4.778829	-0.109825
4.779829	-0.110033
4.780829	-0.110248
4.781829	-0.110469
4.782829	-0.110696
4.783829	-0.110929
4.784829	-0.111170
4.785829	-0.111416
4.786829	-0.111670
4.787829	-0.111930
4.788829	-0.112196
4.789829	-0.112470
4.790829	-0.112750
4.791829	-0.113037
4.792829	-0.113332
4.793829	-0.113633
4.794829	-0.113941
4.795829	-0.114256
4.796829	-0.114579
4.797829	-0.114909
4.798829	-0.115246
4.799829	-0.115590
4.800829	-0.115941
4.801829	-0.116300
4.802829	-0.116667
4.803829	-0.117041
4.804829	-0.117422
4.805829	-0.117811
4.806829	-0.118208
4.807829	-0.118612
4.808829	-0.119024
4.809829	-0.119443
4.810829	-0.119871
4.811829	-0.120306
4.812829	-0.120749
4.813829	-0.121200
4.814829	-0.121658
4.815829	-0.122125
4.816829	-0.122599
4.817829	-0.123082
4.818829	-0.123572
4.819829	-0.124071
4.820829	-0.124577
4.821829	-0.125092
4.822829	-0.125615
4.823829	-0.126145
4.824829	-0.126684
4.825829	-0.127231
4.826829	-0.127786
4.827829	-0.128350
4.828829	-0.128921
4.829829	-0.129501
4.830829	-0.130089
4.831829	-0.130685
4.832829	-0.131289
4.833829	-0.131902
4.834829	-0.132523
4.835829	-0.133152
4.836829	-0.133789
4.837829	-0.134435
4.838829	-0.135089
4.839829	-0.135751
4.840829	-0.136421
4.841829	-0.137099
4.842829	-0.137786
4.843829	-0.138481
4.844829	-0.139185
4.845829	-0.139896
4.846829	-0.140616
4.847829	-0.141344
4.848829	-0.142080
4.849829	-0.142824
4.850829	-0.143576
4.851829	-0.144337
4.852829	-0.145105
4.853829	-0.145882
4.854829	-0.146667
4.855829	-0.147460
4.856829	-0.148261
4.857829	-0.149069
4.858829	-0.149886
4.859829	-0.150711
4.860829	-0.151544
4.861829	-0.152384
4.862829	-0.153233
4.863829	-0.154089
4.864829	-0.154953
4.865829	-0.155825
4.866829	-0.156704
4.867829	-0.157591
4.868829	-0.158486
4.869829	-0.159388
4.870829	-0.160298
4.871829	-0.161215
4.872829	-0.162140
4.873829	-0.163072
4.874829	-0.164012
4.875829	-0.164958
4.876829	-0.165912
4.877829	-0.166873
4.878829	-0.167841
4.879829	-0.168816
4.880829	-0.169799
4.881829	-0.170788
4.882829	-0.171783
4.883829	-0.172786
4.884829	-0.173795
4.885829	-0.174811
4.886829	-0.175834
4.887829	-0.176863
4.888829	-0.177898
4.889829	-0.178940
4.890829	-0.179988
4.891829	-0.181042
4.892829	-0.182102
4.893829	-0.183169
4.894829	-0.184241
4.895829	-0.185319
4.896829	-0.186402
4.897829	-0.187492
4.898829	-0.188586
4.899829	-0.189687
4.900829	-0.190792
4.901829	-0.191903
4.902829	-0.193019
4.903829	-0.194140
4.904829	-0.195266
4.905829	-0.196397
4.906829	-0.197533
4.907829	-0.198673
4.908829	-0.199818
4.909829	-0.200967
4.910829	-0.202120
4.911829	-0.203277
4.912829	-0.204439
4.913829	-0.205604
4.914829	-0.206773
4.915829	-0.207946
4.916829	-0.209123
4.917829	-0.210302
4.918829	-0.211485
4.919829	-0.212671
4.920829	-0.213860
4.921829	-0.215052
4.922829	-0.216247
4.923829	-0.217444
4.924829	-0.218644
4.925829	-0.219846
4.926829	-0.221050
4.927829	-0.222256
4.928829	-0.223463
4.929829	-0.224673
4.930829	-0.225884
4.931829	-0.227096
4.932829	-0.228310
4.933829	-0.229524
4.934829	-0.230739
4.935829	-0.231955
4.936829	-0.233172
4.937829	-0.234389
4.938829	-0.235606
4.939829	-0.236823
4.940829	-0.238040
4.941829	-0.239257
4.942829	-0.240473
4.943829	-0.241688
4.944829	-0.242902
4.945829	-0.244115
4.946829	-0.245327
4.947829	-0.246538
4.948829	-0.247747
4.949829	-0.248954
4.950829	-0.250158
4.951829	-0.251361
4.952829	-0.252561
4.953829	-0.253759
4.954829	-0.254953
4.955829	-0.256145
4.956829	-0.257333
4.957829	-0.258518
4.958829	-0.259700
4.959829	-0.260877
4.960829	-0.262050
4.961829	-0.263219
4.962829	-0.264384
4.963829	-0.265544
4.964829	-0.266699
4.965829	-0.267849
4.966829	-0.268993
4.967829	-0.270132
4.968829	-0.271266
4.969829	-0.272393
4.970829	-0.273515
4.971829	-0.274630
4.972829	-0.275738
4.973829	-0.276840
4.974829	-0.277934
4.975829	-0.279022
4.976829	-0.280102
4.977829	-0.281174
4.978829	-0.282239
4.979829	-0.283296
4.980829	-0.284344
4.981829	-0.285384
4.982829	-0.286415
4.983829	-0.287438
4.984829	-0.288451
4.985829	-0.289456
4.986829	-0.290451
4.987829	-0.291436
4.988829	-0.292411
4.989829	-0.293376
4.990829	-0.294331
4.991829	-0.295276
4.992829	-0.296210
4.993829	-0.297133
4.994829	-0.298045
4.995829	-0.298946
4.996829	-0.299835
4.997829	-0.300713
4.998829	-0.301579
4.999829	-0.302433
5.000829	-0.303275
5.001829	-0.304104
5.002829	-0.304921
5.003829	-0.305725
5.004829	-0.306517
5.005829	-0.307295
5.006829	-0.308060
5.007829	-0.308812
5.008829	-0.309550
5.009829	-0.310274
5.010829	-0.310984
5.011829	-0.311681
5.012829	-0.312363
5.013829	-0.313031
5.014829	-0.313684
5.015829	-0.314322
5.016829	-0.314946
5.017829	-0.315555
5.018829	-0.316148
5.019829	-0.316727
5.020829	-0.317289
5.021829	-0.317837
5.022829	-0.318368
5.023829	-0.318884
5.024829	-0.319384
5.025829	-0.319868
5.026829	-0.320336
5.027829	-0.320787
5.028829	-0.321222
5.029829	-0.321640
5.030829	-0.322042
5.031829	-0.322427
5.032829	-0.322796
5.033829	-0.323147
5.034829	-0.323481
5.035829	-0.323799
5.036829	-0.324099
5.037829	-0.324381
5.038829	-0.324647
5.039829	-0.324895
5.040829	-0.325126
5.041829	-0.325339
5.042829	-0.325534
5.043829	-0.325712
5.044829	-0.325872
5.045829	-0.326014
5.046829	-0.326139
5.047829	-0.326246
5.048829	-0.326335
5.049829	-0.326406
5.050829	-0.326459
5.051829	-0.326494
5.052829	-0.326511
5.053829	-0.326510
5.054829	-0.326492
5.055829	-0.326455
5.056829	-0.326401
5.057829	-0.326328
5.058829	-0.326238
5.059829	-0.326129
5.060829	-0.326003
5.061829	-0.325859
5.062829	-0.325697
5.063829	-0.325518
5.064829	-0.325321
5.065829	-0.325106
5.066829	-0.324873
5.067829	-0.324623
5.068829	-0.324356
5.069829	-0.324071
5.070829	-0.323769
5.071829	-0.323450
5.072829	-0.323113
5.073829	-0.322760
5.074829	-0.322390
5.075829	-0.322003
5.076829	-0.321599
5.077829	-0.321179
5.078829	-0.320743
5.079829	-0.320290
5.080829	-0.319821
5.081829	-0.319336
5.082829	-0.318835
5.083829	-0.318319
5.084829	-0.317787
5.085829	-0.317240
5.086829	-0.316678
5.087829	-0.316101
5.088829	-0.315510
5.089829	-0.314904
5.090829	-0.314284
5.091829	-0.313649
5.092829	-0.313001
5.093829	-0.312339
5.094829	-0.311664
5.095829	-0.310976
5.096829	-0.310275
5.097829	-0.309562
5.098829	-0.308836
5.099829	-0.308098
5.100829	-0.307349
5.101829	-0.306588
5.102829	-0.305816
5.103829	-0.305034
5.104829	-0.304241
5.105829	-0.303438
5.106829	-0.302625
5.107829	-0.301802
5.108829	-0.300971
5.109829	-0.300131
5.110829	-0.299282
5.111829	-0.298426
5.112829	-0.297562
5.113829	-0.296690
5.114829	-0.295812
5.115829	-0.294928
5.116829	-0.294037
5.117829	-0.293142
5.118829	-0.292241
5.119829	-0.291335
5.120829	-0.290425
5.121829	-0.289511
5.122829	-0.288594
5.123829	-0.287674
5.124829	-0.286752
5.125829	-0.285827
5.126829	-0.284901
5.127829	-0.283974
5.128829	-0.283047
5.129829	-0.282119
5.130829	-0.281192
5.131829	-0.280266
5.132829	-0.279341
5.133829	-0.278418
5.134829	-0.277498
5.135829	-0.276580
5.136829	-0.275666
5.137829	-0.274755
5.138829	-0.273849
5.139829	-0.272948
5.140829	-0.272053
5.141829	-0.271163
5.142829	-0.270279
5.143829	-0.269403
5.144829	-0.268534
5.145829	-0.267673
5.146829	-0.266821
5.147829	-0.265978
5.148829	-0.265144
5.149829	-0.264320
5.150829	-0.263507
5.151829	-0.262704
5.152829	-0.261914
5.153829	-0.261135
5.154829	-0.260369
5.155829	-0.259616
5.156829	-0.258877
5.157829	-0.258152
5.158829	-0.257442
5.159829	-0.256746
5.160829	-0.256066
5.161829	-0.255403
5.162829	-0.254756
5.163829	-0.254126
5.164829	-0.253513
5.165829	-0.252919
5.166829	-0.252343
5.167829	-0.251786
5.168829	-0.251248
5.169829	-0.250731
5.170829	-0.250234
5.171829	-0.249757
5.172829	-0.249302
5.173829	-0.248869
5.174829	-0.248457
5.175829	-0.248069
5.176829	-0.247703
5.177829	-0.247361
5.178829	-0.247042
5.179829	-0.246748
5.180829	-0.246478
5.181829	-0.246234
5.182829	-0.246015
5.183829	-0.245821
5.184829	-0.245654
5.185829	-0.245513
5.186829	-0.245399
5.187829	-0.245312
5.188829	-0.245253
5.189829	-0.245222
5.190829	-0.245219
5.191829	-0.245244
5.192829	-0.245298
5.193829	-0.245381
5.194829	-0.245493
5.195829	-0.245635
5.196829	-0.245807
5.197829	-0.246009
5.198829	-0.246241
5.199829	-0.246504
5.200829	-0.246797
5.201829	-0.247122
5.202829	-0.247478
5.203829	-0.247865
5.204829	-0.248283
5.205829	-0.248733
5.206829	-0.249215
5.207829	-0.249729
5.208829	-0.250275
5.209829	-0.250853
5.210829	-0.251463
5.211829	-0.252106
5.212829	-0.252781
5.213829	-0.253488
5.214829	-0.254228
5.215829	-0.255000
5.216829	-0.255805
5.217829	-0.256642
5.218829	-0.257512
5.219829	-0.258414
5.220829	-0.259348
5.221829	-0.260314
5.222829	-0.261313
5.223829	-0.262344
5.224829	-0.263407
5.225829	-0.264501
5.226829	-0.265627
5.227829	-0.266785
5.228829	-0.267974
5.229829	-0.269194
5.230829	-0.270445
5.231829	-0.271726
5.232829	-0.273038
5.233829	-0.274380
5.234829	-0.275752
5.235829	-0.277153
5.236829	-0.278584
5.237829	-0.280043
5.238829	-0.281530
5.239829	-0.283046
5.240829	-0.284589
5.241829	-0.286159
5.242829	-0.287756
5.243829	-0.289380
5.244829	-0.291029
5.245829	-0.292703
5.246829	-0.294402
5.247829	-0.296126
5.248829	-0.297872
5.249829	-0.299642
5.250829	-0.301434
5.251829	-0.303248
5.252829	-0.305083
5.253829	-0.306939
5.254829	-0.308814
5.255829	-0.310707
5.256829	-0.312620
5.257829	-0.314549
5.258829	-0.316495
5.259829	-0.318457
5.260829	-0.320434
5.261829	-0.322424
5.262829	-0.324428
5.263829	-0.326444
5.264829	-0.328472
5.265829	-0.330509
5.266829	-0.332556
5.267829	-0.334612
5.268829	-0.336674
5.269829	-0.338743
5.270829	-0.340816
5.271829	-0.342894
5.272829	-0.344974
5.273829	-0.347056
5.274829	-0.349138
5.275829	-0.351219
5.276829	-0.353298
5.277829	-0.355374
5.278829	-0.357445
5.279829	-0.359510
5.280829	-0.361567
5.281829	-0.363616
5.282829	-0.365654
5.283829	-0.367680
5.284829	-0.369694
5.285829	-0.371692
5.286829	-0.373674
5.287829	-0.375639
5.288829	-0.377584
5.289829	-0.379509
5.290829	-0.381411
5.291829	-0.383289
5.292829	-0.385142
5.293829	-0.386967
5.294829	-0.388764
5.295829	-0.390531
5.296829	-0.392266
5.297829	-0.393967
5.298829	-0.395633
5.299829	-0.397263
5.300829	-0.398854
5.301829	-0.400406
5.302829	-0.401917
5.303829	-0.403385
5.304829	-0.404808
5.305829	-0.406186
5.306829	-0.407516
5.307829	-0.408797
5.308829	-0.410028
5.309829	-0.411208
5.310829	-0.412334
5.311829	-0.413406
5.312829	-0.414422
5.313829	-0.415381
5.314829	-0.416282
5.315829	-0.417122
5.316829	-0.417902
5.317829	-0.418619
5.318829	-0.419274
5.319829	-0.419864
5.320829	-0.420388
5.321829	-0.420846
5.322829	-0.421236
5.323829	-0.421558
5.324829	-0.421811
5.325829	-0.421993
5.326829	-0.422104
5.327829	-0.422144
5.328829	-0.422111
5.329829	-0.422005
5.330829	-0.421826
5.331829	-0.421573
5.332829	-0.421245
5.333829	-0.420842
5.334829	-0.420363
5.335829	-0.419810
5.336829	-0.419180
5.337829	-0.418475
5.338829	-0.417694
5.339829	-0.416837
5.340829	-0.415905
5.341829	-0.414897
5.342829	-0.413814
5.343829	-0.412656
5.344829	-0.411423
5.345829	-0.410117
5.346829	-0.408737
5.347829	-0.407284
5.348829	-0.405760
5.349829	-0.404164
5.350829	-0.402499
5.351829	-0.400764
5.352829	-0.398962
5.353829	-0.397093
5.354829	-0.395159
5.355829	-0.393161
5.356829	-0.391100
5.357829	-0.388980
5.358829	-0.386800
5.359829	-0.384563
5.360829	-0.382272
5.361829	-0.379927
5.362829	-0.377532
5.363829	-0.375089
5.364829	-0.372599
5.365829	-0.370066
5.366829	-0.367493
5.367829	-0.364882
5.368829	-0.362236
5.369829	-0.359557
5.370829	-0.356851
5.371829	-0.354118
5.372829	-0.351364
5.373829	-0.348592
5.374829	-0.345804
5.375829	-0.343006
5.376829	-0.340201
5.377829	-0.337393
5.378829	-0.334587
5.379829	-0.331787
5.380829	-0.328997
5.381829	-0.326222
5.382829	-0.323467
5.383829	-0.320737
5.384829	-0.318038
5.385829	-0.315373
5.386829	-0.312750
5.387829	-0.310173
5.388829	-0.307648
5.389829	-0.305181
5.390829	-0.302779
5.391829	-0.300447
5.392829	-0.298192
5.393829	-0.296020
5.394829	-0.293939
5.395829	-0.291954
5.396829	-0.290074
5.397829	-0.288306
5.398829	-0.286656
5.399829	-0.285133
5.400829	-0.283744
5.401829	-0.282498
5.402829	-0.281402
5.403829	-0.280465
5.404829	-0.279695
5.405829	-0.279101
5.406829	-0.278692
5.407829	-0.278478
5.408829	-0.278466
5.409829	-0.278668
5.410829	-0.279092
5.411829	-0.279748
5.412829	-0.280647
5.413829	-0.281799
5.414829	-0.283214
5.415829	-0.284903
5.416829	-0.286877
5.417829	-0.289147
5.418829	-0.291724
5.419829	-0.294619
5.420829	-0.297846
5.421829	-0.301414
5.422829	-0.305338
5.423829	-0.309628
5.424829	-0.314298
5.425829	-0.319360
5.426829	-0.324828
5.427829	-0.330715
5.428829	-0.337034
5.429829	-0.343799
5.430829	-0.351024
5.431829	-0.358723
5.432829	-0.366911
5.433829	-0.375602
5.434829	-0.384812
5.435829	-0.394554
5.436829	-0.404846
5.437829	-0.415702
5.438829	-0.427138
5.439829	-0.439170
5.440829	-0.451815
5.441829	-0.465089
5.442829	-0.479010
5.443829	-0.493594
5.444829	-0.508859
5.445829	-0.524822
5.446829	-0.541501
5.447829	-0.558914
5.448829	-0.577081
5.449829	-0.596018
