1.164829	-0.966211
1.165829	-0.295033
1.166829	0.356158
1.167829	0.987744
1.168829	1.600098
1.169829	2.193592
1.170829	2.768592
1.171829	3.325461
1.172829	3.864555
1.173829	4.386228
1.174829	4.890827
1.175829	5.378697
1.176829	5.850178
1.177829	6.305605
1.178829	6.745309
1.179829	7.169617
1.180829	7.578851
1.181829	7.973329
1.182829	8.353365
1.183829	8.719270
1.184829	9.071349
1.185829	9.409903
1.186829	9.735231
1.187829	10.047624
1.188829	10.347373
1.189829	10.634763
1.190829	10.910075
1.191829	11.173587
1.192829	11.425571
1.193829	11.666298
1.194829	11.896033
1.195829	12.115038
1.196829	12.323570
1.197829	12.521885
1.198829	12.710231
1.199829	12.888857
1.200829	13.058003
1.201829	13.217911
1.202829	13.368815
1.203829	13.510948
1.204829	13.644537
1.205829	13.769807
1.206829	13.886980
1.207829	13.996273
1.208829	14.097900
1.209829	14.192072
1.210829	14.278996
1.211829	14.358875
1.212829	14.431911
1.213829	14.498300
1.214829	14.558236
1.215829	14.611909
1.216829	14.659507
1.217829	14.701213
1.218829	14.737208
1.219829	14.767669
1.220829	14.792771
1.221829	14.812684
1.222829	14.827577
1.223829	14.837615
1.224829	14.842959
1.225829	14.843769
1.226829	14.840199
1.227829	14.832403
1.228829	14.820532
1.229829	14.804730
1.230829	14.785144
1.231829	14.761913
1.232829	14.735177
1.233829	14.705071
1.234829	14.671726
1.235829	14.635275
1.236829	14.595843
1.237829	14.553555
1.238829	14.508534
1.239829	14.460898
1.240829	14.410763
1.241829	14.358245
1.242829	14.303453
1.243829	14.246498
1.244829	14.187485
1.245829	14.126519
1.246829	14.063700
1.247829	13.999128
1.248829	13.932900
1.249829	13.865108
1.250829	13.795847
1.251829	13.725203
1.252829	13.653266
1.253829	13.580120
1.254829	13.505848
1.255829	13.430530
1.256829	13.354244
1.257829	13.277067
1.258829	13.199073
1.259829	13.120333
1.260829	13.040917
1.261829	12.960894
1.262829	12.880329
1.263829	12.799286
1.264829	12.717826
1.265829	12.636010
1.266829	12.553895
1.267829	12.471538
1.268829	12.388992
1.269829	12.306310
1.270829	12.223543
1.271829	12.140740
1.272829	12.057947
1.273829	11.975209
1.274829	11.892571
1.275829	11.810075
1.276829	11.727761
1.277829	11.645666
1.278829	11.563830
1.279829	11.482287
1.280829	11.401071
1.281829	11.320215
1.282829	11.239749
1.283829	11.159705
1.284829	11.080109
1.285829	11.000988
1.286829	10.922369
1.287829	10.844274
1.288829	10.766728
1.289829	10.689751
1.290829	10.613364
1.291829	10.537585
1.292829	10.462433
1.293829	10.387924
1.294829	10.314074
1.295829	10.240897
1.296829	10.168407
1.297829	10.096615
1.298829	10.025533
1.299829	9.955171
1.300829	9.885539
1.301829	9.816644
1.302829	9.748493
1.303829	9.681095
1.304829	9.614453
1.305829	9.548572
1.306829	9.483457
1.307829	9.419111
1.308829	9.355536
1.309829	9.292733
1.310829	9.230703
1.311829	9.169447
1.312829	9.108965
1.313829	9.049254
1.314829	8.990314
1.315829	8.932142
1.316829	8.874736
1.317829	8.818091
1.318829	8.762205
1.319829	8.707074
1.320829	8.652691
1.321829	8.599053
1.322829	8.546154
1.323829	8.493988
1.324829	8.442549
1.325829	8.391830
1.326829	8.341825
1.327829	8.292527
1.328829	8.243929
1.329829	8.196022
1.330829	8.148801
1.331829	8.102256
1.332829	8.056381
1.333829	8.011168
1.334829	7.966607
1.335829	7.922693
1.336829	7.879416
1.337829	7.836769
1.338829	7.794745
1.339829	7.753334
1.340829	7.712530
1.341829	7.672324
1.342829	7.632710
1.343829	7.593679
1.344829	7.555224
1.345829	7.517337
1.346829	7.480010
1.347829	7.443237
1.348829	7.407010
1.349829	7.371322
1.350829	7.336164
1.351829	7.301530
1.352829	7.267413
1.353829	7.233805
1.354829	7.200700
1.355829	7.168089
1.356829	7.135967
1.357829	7.104325
1.358829	7.073157
1.359829	7.042456
1.360829	7.012215
1.361829	6.982427
1.362829	6.953085
1.363829	6.924183
1.364829	6.895714
1.365829	6.867671
1.366829	6.840047
1.367829	6.812836
1.368829	6.786031
1.369829	6.759625
1.370829	6.733613
1.371829	6.707987
1.372829	6.682742
1.373829	6.657870
1.374829	6.633366
1.375829	6.609224
1.376829	6.585436
1.377829	6.561997
1.378829	6.538901
1.379829	6.516141
1.380829	6.493712
1.381829	6.471608
1.382829	6.449822
1.383829	6.428348
1.384829	6.407181
1.385829	6.386315
1.386829	6.365744
1.387829	6.345462
1.388829	6.325463
1.389829	6.305743
1.390829	6.286294
1.391829	6.267112
1.392829	6.248191
1.393829	6.229526
1.394829	6.211110
1.395829	6.192940
1.396829	6.175008
1.397829	6.157310
1.398829	6.139841
1.399829	6.122595
1.400829	6.105568
1.401829	6.088753
1.402829	6.072147
1.403829	6.055743
1.404829	6.039536
1.405829	6.023523
1.406829	6.007697
1.407829	5.992055
1.408829	5.976590
1.409829	5.961298
1.410829	5.946175
1.411829	5.931216
1.412829	5.916416
1.413829	5.901770
1.414829	5.887274
1.415829	5.872924
1.416829	5.858714
1.417829	5.844640
1.418829	5.830698
1.419829	5.816884
1.420829	5.803193
1.421829	5.789620
1.422829	5.776163
1.423829	5.762816
1.424829	5.749575
1.425829	5.736436
1.426829	5.723395
1.427829	5.710448
1.428829	5.697592
1.429829	5.684821
1.430829	5.672133
1.431829	5.659523
1.432829	5.646988
1.433829	5.634523
1.434829	5.622126
1.435829	5.609792
1.436829	5.597518
1.437829	5.585301
1.438829	5.573135
1.439829	5.561020
1.440829	5.548949
1.441829	5.536922
1.442829	5.524933
1.443829	5.512980
1.444829	5.501059
1.445829	5.489167
1.446829	5.477302
1.447829	5.465459
1.448829	5.453636
1.449829	5.441830
1.450829	5.430038
1.451829	5.418256
1.452829	5.406482
1.453829	5.394713
1.454829	5.382946
1.455829	5.371179
1.456829	5.359408
1.457829	5.347632
1.458829	5.335846
1.459829	5.324049
1.460829	5.312239
1.461829	5.300412
1.462829	5.288566
1.463829	5.276699
1.464829	5.264809
1.465829	5.252892
1.466829	5.240947
1.467829	5.228972
1.468829	5.216964
1.469829	5.204922
1.470829	5.192842
1.471829	5.180724
1.472829	5.168564
1.473829	5.156362
1.474829	5.144114
1.475829	5.131820
1.476829	5.119478
1.477829	5.107085
1.478829	5.094640
1.479829	5.082141
1.480829	5.069587
1.481829	5.056976
1.482829	5.044306
1.483829	5.031576
1.484829	5.018785
1.485829	5.005930
1.486829	4.993011
1.487829	4.980027
1.488829	4.966976
1.489829	4.953856
1.490829	4.940667
1.491829	4.927407
1.492829	4.914076
1.493829	4.900672
1.494829	4.887195
1.495829	4.873643
1.496829	4.860015
1.497829	4.846311
1.498829	4.832529
1.499829	4.818670
1.500829	4.804731
1.501829	4.790713
1.502829	4.776616
1.503829	4.762437
1.504829	4.748177
1.505829	4.733836
1.506829	4.719412
1.507829	4.704906
1.508829	4.690317
1.509829	4.675644
1.510829	4.660888
1.511829	4.646048
1.512829	4.631125
1.513829	4.616117
1.514829	4.601025
1.515829	4.585849
1.516829	4.570588
1.517829	4.555244
1.518829	4.539815
1.519829	4.524302
1.520829	4.508706
1.521829	4.493026
1.522829	4.477262
1.523829	4.461415
1.524829	4.445486
1.525829	4.429474
1.526829	4.413380
1.527829	4.397205
1.528829	4.380949
1.529829	4.364611
1.530829	4.348194
1.531829	4.331698
1.532829	4.315122
1.533829	4.298468
1.534829	4.281737
1.535829	4.264929
1.536829	4.248045
1.537829	4.231085
1.538829	4.214051
1.539829	4.196944
1.540829	4.179764
1.541829	4.162511
1.542829	4.145188
1.543829	4.127795
1.544829	4.110333
1.545829	4.092804
1.546829	4.075207
1.547829	4.057544
1.548829	4.039817
1.549829	4.022027
1.550829	4.004174
1.551829	3.986259
1.552829	3.968285
1.553829	3.950252
1.554829	3.932162
1.555829	3.914016
1.556829	3.895814
1.557829	3.877559
1.558829	3.859252
1.559829	3.840894
1.560829	3.822487
1.561829	3.804031
1.562829	3.785530
1.563829	3.766983
1.564829	3.748392
1.565829	3.729759
1.566829	3.711086
1.567829	3.692374
1.568829	3.673624
1.569829	3.654838
1.570829	3.636018
1.571829	3.617165
1.572829	3.598281
1.573829	3.579368
1.574829	3.560426
1.575829	3.541459
1.576829	3.522467
1.577829	3.503452
1.578829	3.484416
1.579829	3.465360
1.580829	3.446287
1.581829	3.427198
1.582829	3.408095
1.583829	3.388979
1.584829	3.369853
1.585829	3.350718
1.586829	3.331575
1.587829	3.312427
1.588829	3.293276
1.589829	3.274123
1.590829	3.254970
1.591829	3.235819
1.592829	3.216672
1.593829	3.197530
1.594829	3.178396
1.595829	3.159271
1.596829	3.140157
1.597829	3.121056
1.598829	3.101970
1.599829	3.082901
1.600829	3.063850
1.601829	3.044819
1.602829	3.025811
1.603829	3.006826
1.604829	2.987868
1.605829	2.968938
1.606829	2.950037
1.607829	2.931168
1.608829	2.912332
1.609829	2.893531
1.610829	2.874767
1.611829	2.856043
1.612829	2.837359
1.613829	2.818717
1.614829	2.800120
1.615829	2.781570
1.616829	2.763067
1.617829	2.744615
1.618829	2.726214
1.619829	2.707866
1.620829	2.689574
1.621829	2.671339
1.622829	2.653163
1.623829	2.635047
1.624829	2.616994
1.625829	2.599005
1.626829	2.581082
1.627829	2.563227
1.628829	2.545440
1.629829	2.527725
1.630829	2.510083
1.631829	2.492515
1.632829	2.475023
1.633829	2.457608
1.634829	2.440273
1.635829	2.423019
1.636829	2.405847
1.637829	2.388760
1.638829	2.371758
1.639829	2.354844
1.640829	2.338018
1.641829	2.321283
1.642829	2.304639
1.643829	2.288089
1.644829	2.271633
1.645829	2.255274
1.646829	2.239012
1.647829	2.222850
1.648829	2.206787
1.649829	2.190827
1.650829	2.174969
1.651829	2.159216
1.652829	2.143569
1.653829	2.128028
1.654829	2.112596
1.655829	2.097273
1.656829	2.082061
1.657829	2.066960
1.658829	2.051973
1.659829	2.037099
1.660829	2.022340
1.661829	2.007698
1.662829	1.993173
1.663829	1.978765
1.664829	1.964477
1.665829	1.950310
1.666829	1.936263
1.667829	1.922338
1.668829	1.908535
1.669829	1.894856
1.670829	1.881302
1.671829	1.867872
1.672829	1.854569
1.673829	1.841391
1.674829	1.828341
1.675829	1.815419
1.676829	1.802625
1.677829	1.789960
1.678829	1.777424
1.679829	1.765018
1.680829	1.752742
1.681829	1.740597
1.682829	1.728583
1.683829	1.716700
1.684829	1.704949
1.685829	1.693330
1.686829	1.681843
1.687829	1.670489
1.688829	1.659267
1.689829	1.648177
1.690829	1.637220
1.691829	1.626396
1.692829	1.615705
1.693829	1.605146
1.694829	1.594720
1.695829	1.584427
1.696829	1.574266
1.697829	1.564238
1.698829	1.554341
1.699829	1.544577
1.700829	1.534945
1.701829	1.525444
1.702829	1.516074
1.703829	1.506835
1.704829	1.497727
1.705829	1.488748
1.706829	1.479900
1.707829	1.471181
1.708829	1.462591
1.709829	1.454129
1.710829	1.445795
1.711829	1.437588
1.712829	1.429509
1.713829	1.421555
1.714829	1.413727
1.715829	1.406024
1.716829	1.398445
1.717829	1.390990
1.718829	1.383658
1.719829	1.376448
1.720829	1.369359
1.721829	1.362391
1.722829	1.355543
1.723829	1.348814
1.724829	1.342203
1.725829	1.335709
1.726829	1.329332
1.727829	1.323071
1.728829	1.316923
1.729829	1.310890
1.730829	1.304969
1.731829	1.299161
1.732829	1.293462
1.733829	1.287874
1.734829	1.282394
1.735829	1.277022
1.736829	1.271756
1.737829	1.266596
1.738829	1.261540
1.739829	1.256588
1.740829	1.251738
1.741829	1.246988
1.742829	1.242339
1.743829	1.237788
1.744829	1.233335
1.745829	1.228977
1.746829	1.224715
1.747829	1.220547
1.748829	1.216471
1.749829	1.212487
1.750829	1.208593
1.751829	1.204787
1.752829	1.201069
1.753829	1.197437
1.754829	1.193890
1.755829	1.190426
1.756829	1.187045
1.757829	1.183745
1.758829	1.180524
1.759829	1.177381
1.760829	1.174315
1.761829	1.171324
1.762829	1.168408
1.763829	1.165564
1.764829	1.162792
1.765829	1.160089
1.766829	1.157455
1.767829	1.154888
1.768829	1.152386
1.769829	1.149949
1.770829	1.147575
1.771829	1.145262
1.772829	1.143008
1.773829	1.140814
1.774829	1.138676
1.775829	1.136594
1.776829	1.134566
1.777829	1.132591
1.778829	1.130667
1.779829	1.128792
1.780829	1.126966
1.781829	1.125187
1.782829	1.123454
1.783829	1.121764
1.784829	1.120117
1.785829	1.118511
1.786829	1.116944
1.787829	1.115416
1.788829	1.113924
1.789829	1.112468
1.790829	1.111045
1.791829	1.109655
1.792829	1.108296
1.793829	1.106966
1.794829	1.105664
1.795829	1.104389
1.796829	1.103139
1.797829	1.101913
1.798829	1.100710
1.799829	1.099527
1.800829	1.098364
1.801829	1.097219
1.802829	1.096091
1.803829	1.094978
1.804829	1.093880
1.805829	1.092794
1.806829	1.091719
1.807829	1.090655
1.808829	1.089599
1.809829	1.088551
1.810829	1.087508
1.811829	1.086471
1.812829	1.085436
1.813829	1.084404
1.814829	1.083373
1.815829	1.082341
1.816829	1.081308
1.817829	1.080272
1.818829	1.079231
1.819829	1.078186
1.820829	1.077134
1.821829	1.076074
1.822829	1.075005
1.823829	1.073926
1.824829	1.072836
1.825829	1.071734
1.826829	1.070619
1.827829	1.069489
1.828829	1.068343
1.829829	1.067181
1.830829	1.066001
1.831829	1.064802
1.832829	1.063584
1.833829	1.062345
1.834829	1.061084
1.835829	1.059800
1.836829	1.058493
1.837829	1.057162
1.838829	1.055805
1.839829	1.054422
1.840829	1.053012
1.841829	1.051574
1.842829	1.050107
1.843829	1.048611
1.844829	1.047084
1.845829	1.045527
1.846829	1.043937
1.847829	1.042315
1.848829	1.040660
1.849829	1.038971
1.850829	1.037248
1.851829	1.035490
1.852829	1.033696
1.853829	1.031866
1.854829	1.029999
1.855829	1.028096
1.856829	1.026154
1.857829	1.024175
1.858829	1.022156
1.859829	1.020099
1.860829	1.018003
1.861829	1.015867
1.862829	1.013690
1.863829	1.011474
1.864829	1.009217
1.865829	1.006918
1.866829	1.004579
1.867829	1.002198
1.868829	0.999776
1.869829	0.997311
1.870829	0.994805
1.871829	0.992257
1.872829	0.989666
1.873829	0.987033
1.874829	0.984357
1.875829	0.981639
1.876829	0.978878
1.877829	0.976075
1.878829	0.973229
1.879829	0.970341
1.880829	0.967409
1.881829	0.964436
1.882829	0.961419
1.883829	0.958361
1.884829	0.955260
1.885829	0.952117
1.886829	0.948931
1.887829	0.945704
1.888829	0.942435
1.889829	0.939125
1.890829	0.935773
1.891829	0.932380
1.892829	0.928946
1.893829	0.925471
1.894829	0.921956
1.895829	0.918401
1.896829	0.914805
1.897829	0.911171
1.898829	0.907497
1.899829	0.903784
1.900829	0.900033
1.901829	0.896243
1.902829	0.892416
1.903829	0.888551
1.904829	0.884649
1.905829	0.880711
1.906829	0.876736
1.907829	0.872726
1.908829	0.868680
1.909829	0.864599
1.910829	0.860485
1.911829	0.856336
1.912829	0.852154
1.913829	0.847939
1.914829	0.843692
1.915829	0.839413
1.916829	0.835102
1.917829	0.830761
1.918829	0.826390
1.919829	0.821989
1.920829	0.817559
1.921829	0.813101
1.922829	0.808615
1.923829	0.804102
1.924829	0.799562
1.925829	0.794996
1.926829	0.790405
1.927829	0.785789
1.928829	0.781149
1.929829	0.776486
1.930829	0.771800
1.931829	0.767092
1.932829	0.762363
1.933829	0.757613
1.934829	0.752843
1.935829	0.748053
1.936829	0.743245
1.937829	0.738419
1.938829	0.733576
1.939829	0.728716
1.940829	0.723841
1.941829	0.718951
1.942829	0.714046
1.943829	0.709128
1.944829	0.704197
1.945829	0.699254
1.946829	0.694299
1.947829	0.689334
1.948829	0.684360
1.949829	0.679376
1.950829	0.674383
1.951829	0.669384
1.952829	0.664377
1.953829	0.659365
1.954829	0.654347
1.955829	0.649325
1.956829	0.644299
1.957829	0.639270
1.958829	0.634239
1.959829	0.629207
1.960829	0.624174
1.961829	0.619141
1.962829	0.614110
1.963829	0.609080
1.964829	0.604052
1.965829	0.599028
1.966829	0.594008
1.967829	0.588992
1.968829	0.583982
1.969829	0.578979
1.970829	0.573983
1.971829	0.568994
1.972829	0.564014
1.973829	0.559044
1.974829	0.554084
1.975829	0.549134
1.976829	0.544197
1.977829	0.539272
1.978829	0.534360
1.979829	0.529462
1.980829	0.524578
1.981829	0.519710
1.982829	0.514858
1.983829	0.510023
1.984829	0.505205
1.985829	0.500406
1.986829	0.495626
1.987829	0.490865
1.988829	0.486125
1.989829	0.481406
1.990829	0.476708
1.991829	0.472033
1.992829	0.467381
1.993829	0.462753
1.994829	0.458149
1.995829	0.453570
1.996829	0.449017
1.997829	0.444491
1.998829	0.439991
1.999829	0.435519
2.000829	0.431075
2.001829	0.426660
2.002829	0.422274
2.003829	0.417918
2.004829	0.413593
2.005829	0.409298
2.006829	0.405036
2.007829	0.400805
2.008829	0.396608
2.009829	0.392443
2.010829	0.388313
2.011829	0.384216
2.012829	0.380155
2.013829	0.376128
2.014829	0.372138
2.015829	0.368183
2.016829	0.364265
2.017829	0.360384
2.018829	0.356540
2.019829	0.352735
2.020829	0.348967
2.021829	0.345238
2.022829	0.341548
2.023829	0.337897
2.024829	0.334286
2.025829	0.330715
2.026829	0.327185
2.027829	0.323694
2.028829	0.320245
2.029829	0.316837
2.030829	0.313470
2.031829	0.310145
2.032829	0.306862
2.033829	0.303620
2.034829	0.300421
2.035829	0.297265
2.036829	0.294151
2.037829	0.291080
2.038829	0.288052
2.039829	0.285067
2.040829	0.282126
2.041829	0.279228
2.042829	0.276373
2.043829	0.273562
2.044829	0.270795
2.045829	0.268071
2.046829	0.265391
2.047829	0.262756
2.048829	0.260164
2.049829	0.257616
2.050829	0.255112
2.051829	0.252652
2.052829	0.250237
2.053829	0.247865
2.054829	0.245537
2.055829	0.243254
2.056829	0.241014
2.057829	0.238818
2.058829	0.236666
2.059829	0.234558
2.060829	0.232493
2.061829	0.230472
2.062829	0.228495
2.063829	0.226561
2.064829	0.224671
2.065829	0.222824
2.066829	0.221019
2.067829	0.219258
2.068829	0.217540
2.069829	0.215864
2.070829	0.214231
2.071829	0.212640
2.072829	0.211092
2.073829	0.209585
2.074829	0.208120
2.075829	0.206697
2.076829	0.205316
2.077829	0.203975
2.078829	0.202676
2.079829	0.201417
2.080829	0.200199
2.081829	0.199021
2.082829	0.197883
2.083829	0.196785
2.084829	0.195726
2.085829	0.194707
2.086829	0.193727
2.087829	0.192786
2.088829	0.191883
2.089829	0.191018
2.090829	0.190191
2.091829	0.189402
2.092829	0.188650
2.093829	0.187935
2.094829	0.187257
2.095829	0.186615
2.096829	0.186009
2.097829	0.185439
2.098829	0.184904
2.099829	0.184404
2.100829	0.183939
2.101829	0.183509
2.102829	0.183112
2.103829	0.182749
2.104829	0.182420
2.105829	0.182123
2.106829	0.181859
2.107829	0.181627
2.108829	0.181427
2.109829	0.181259
2.110829	0.181121
2.111829	0.181015
2.112829	0.180938
2.113829	0.180892
2.114829	0.180875
2.115829	0.180888
2.116829	0.180929
2.117829	0.180999
2.118829	0.181097
2.119829	0.181222
2.120829	0.181374
2.121829	0.181554
2.122829	0.181760
2.123829	0.181991
2.124829	0.182249
2.125829	0.182532
2.126829	0.182839
2.127829	0.183171
2.128829	0.183527
2.129829	0.183906
2.130829	0.184309
2.131829	0.184734
2.132829	0.185182
2.133829	0.185651
2.134829	0.186142
2.135829	0.186654
2.136829	0.187187
2.137829	0.187740
2.138829	0.188314
2.139829	0.188906
2.140829	0.189518
2.141829	0.190148
2.142829	0.190796
2.143829	0.191463
2.144829	0.192146
2.145829	0.192847
2.146829	0.193564
2.147829	0.194298
2.148829	0.195047
2.149829	0.195812
2.150829	0.196592
2.151829	0.197386
2.152829	0.198195
2.153829	0.199017
2.154829	0.199853
2.155829	0.200702
2.156829	0.201564
2.157829	0.202438
2.158829	0.203324
2.159829	0.204222
2.160829	0.205130
2.161829	0.206050
2.162829	0.206980
2.163829	0.207920
2.164829	0.208870
2.165829	0.209829
2.166829	0.210797
2.167829	0.211774
2.168829	0.212760
2.169829	0.213753
2.170829	0.214754
2.171829	0.215762
2.172829	0.216778
2.173829	0.217800
2.174829	0.218828
2.175829	0.219863
2.176829	0.220903
2.177829	0.221949
2.178829	0.223000
2.179829	0.224055
2.180829	0.225116
2.181829	0.226181
2.182829	0.227250
2.183829	0.228322
2.184829	0.229398
2.185829	0.230478
2.186829	0.231560
2.187829	0.232646
2.188829	0.233733
2.189829	0.234824
2.190829	0.235916
2.191829	0.237010
2.192829	0.238106
2.193829	0.239203
2.194829	0.240302
2.195829	0.241402
2.196829	0.242502
2.197829	0.243604
2.198829	0.244706
2.199829	0.245808
2.200829	0.246911
2.201829	0.248014
2.202829	0.249117
2.203829	0.250220
2.204829	0.251322
2.205829	0.252425
2.206829	0.253526
2.207829	0.254628
2.208829	0.255728
2.209829	0.256828
2.210829	0.257927
2.211829	0.259025
2.212829	0.260122
2.213829	0.261218
2.214829	0.262312
2.215829	0.263406
2.216829	0.264498
2.217829	0.265589
2.218829	0.266679
2.219829	0.267767
2.220829	0.268854
2.221829	0.269940
2.222829	0.271024
2.223829	0.272107
2.224829	0.273188
2.225829	0.274268
2.226829	0.275346
2.227829	0.276423
2.228829	0.277499
2.229829	0.278573
2.230829	0.279646
2.231829	0.280717
2.232829	0.281787
2.233829	0.282856
2.234829	0.283923
2.235829	0.284989
2.236829	0.286054
2.237829	0.287118
2.238829	0.288181
2.239829	0.289242
2.240829	0.290303
2.241829	0.291363
2.242829	0.292422
2.243829	0.293480
2.244829	0.294538
2.245829	0.295595
2.246829	0.296651
2.247829	0.297707
2.248829	0.298763
2.249829	0.299818
2.250829	0.300874
2.251829	0.301929
2.252829	0.302984
2.253829	0.304039
2.254829	0.305095
2.255829	0.306151
2.256829	0.307207
2.257829	0.308264
2.258829	0.309322
2.259829	0.310381
2.260829	0.311440
2.261829	0.312500
2.262829	0.313562
2.263829	0.314625
2.264829	0.315689
2.265829	0.316755
2.266829	0.317823
2.267829	0.318892
2.268829	0.319964
2.269829	0.321037
2.270829	0.322113
2.271829	0.323191
2.272829	0.324271
2.273829	0.325354
2.274829	0.326440
2.275829	0.327529
2.276829	0.328621
2.277829	0.329716
2.278829	0.330815
2.279829	0.331917
2.280829	0.333022
2.281829	0.334132
2.282829	0.335245
2.283829	0.336363
2.284829	0.337485
2.285829	0.338611
2.286829	0.339742
2.287829	0.340877
2.288829	0.342017
2.289829	0.343162
2.290829	0.344313
2.291829	0.345468
2.292829	0.346629
2.293829	0.347796
2.294829	0.348969
2.295829	0.350147
2.296829	0.351331
2.297829	0.352522
2.298829	0.353718
2.299829	0.354921
2.300829	0.356131
2.301829	0.357348
2.302829	0.358571
2.303829	0.359802
2.304829	0.361039
2.305829	0.362284
2.306829	0.363536
2.307829	0.364796
2.308829	0.366064
2.309829	0.367339
2.310829	0.368622
2.311829	0.369914
2.312829	0.371213
2.313829	0.372521
2.314829	0.373838
2.315829	0.375162
2.316829	0.376496
2.317829	0.377838
2.318829	0.379190
2.319829	0.380550
2.320829	0.381919
2.321829	0.383298
2.322829	0.384686
2.323829	0.386083
2.324829	0.387490
2.325829	0.388907
2.326829	0.390333
2.327829	0.391769
2.328829	0.393214
2.329829	0.394670
2.330829	0.396136
2.331829	0.397612
2.332829	0.399098
2.333829	0.400594
2.334829	0.402101
2.335829	0.403618
2.336829	0.405145
2.337829	0.406683
2.338829	0.408232
2.339829	0.409791
2.340829	0.411360
2.341829	0.412940
2.342829	0.414531
2.343829	0.416133
2.344829	0.417745
2.345829	0.419368
2.346829	0.421001
2.347829	0.422646
2.348829	0.424301
2.349829	0.425967
2.350829	0.427644
2.351829	0.429331
2.352829	0.431029
2.353829	0.432738
2.354829	0.434458
2.355829	0.436188
2.356829	0.437928
2.357829	0.439680
2.358829	0.441442
2.359829	0.443214
2.360829	0.444997
2.361829	0.446790
2.362829	0.448593
2.363829	0.450406
2.364829	0.452230
2.365829	0.454064
2.366829	0.455907
2.367829	0.457761
2.368829	0.459624
2.369829	0.461496
2.370829	0.463378
2.371829	0.465270
2.372829	0.467171
2.373829	0.469081
2.374829	0.470999
2.375829	0.472927
2.376829	0.474863
2.377829	0.476808
2.378829	0.478761
2.379829	0.480722
2.380829	0.482692
2.381829	0.484669
2.382829	0.486653
2.383829	0.488646
2.384829	0.490645
2.385829	0.492651
2.386829	0.494665
2.387829	0.496685
2.388829	0.498711
2.389829	0.500744
2.390829	0.502783
2.391829	0.504827
2.392829	0.506877
2.393829	0.508933
2.394829	0.510993
2.395829	0.513059
2.396829	0.515129
2.397829	0.517203
2.398829	0.519282
2.399829	0.521364
2.400829	0.523450
2.401829	0.525540
2.402829	0.527632
2.403829	0.529728
2.404829	0.531826
2.405829	0.533926
2.406829	0.536029
2.407829	0.538133
2.408829	0.540238
2.409829	0.542345
2.410829	0.544453
2.411829	0.546561
2.412829	0.548670
2.413829	0.550778
2.414829	0.552887
2.415829	0.554995
2.416829	0.557102
2.417829	0.559208
2.418829	0.561312
2.419829	0.563415
2.420829	0.565516
2.421829	0.567614
2.422829	0.569710
2.423829	0.571803
2.424829	0.573892
2.425829	0.575978
2.426829	0.578060
2.427829	0.580137
2.428829	0.582210
2.429829	0.584279
2.430829	0.586342
2.431829	0.588399
2.432829	0.590451
2.433829	0.592496
2.434829	0.594535
2.435829	0.596568
2.436829	0.598593
2.437829	0.600611
2.438829	0.602620
2.439829	0.604622
2.440829	0.606616
2.441829	0.608600
2.442829	0.610576
2.443829	0.612542
2.444829	0.614499
2.445829	0.616446
2.446829	0.618382
2.447829	0.620307
2.448829	0.622222
2.449829	0.624125
2.450829	0.626016
2.451829	0.627896
2.452829	0.629763
2.453829	0.631618
2.454829	0.633460
2.455829	0.635288
2.456829	0.637103
2.457829	0.638904
2.458829	0.640691
2.459829	0.642464
2.460829	0.644221
2.461829	0.645964
2.462829	0.647691
2.463829	0.649403
2.464829	0.651098
2.465829	0.652777
2.466829	0.654439
2.467829	0.656085
2.468829	0.657713
2.469829	0.659324
2.470829	0.660917
2.471829	0.662492
2.472829	0.664048
2.473829	0.665586
2.474829	0.667105
2.475829	0.668605
2.476829	0.670085
2.477829	0.671545
2.478829	0.672986
2.479829	0.674406
2.480829	0.675805
2.481829	0.677184
2.482829	0.678542
2.483829	0.679878
2.484829	0.681193
2.485829	0.682485
2.486829	0.683756
2.487829	0.685005
2.488829	0.686230
2.489829	0.687433
2.490829	0.688614
2.491829	0.689770
2.492829	0.690904
2.493829	0.692013
2.494829	0.693099
2.495829	0.694161
2.496829	0.695198
2.497829	0.696211
2.498829	0.697199
2.499829	0.698162
2.500829	0.699100
2.501829	0.700013
2.502829	0.700901
2.503829	0.701762
2.504829	0.702598
2.505829	0.703409
2.506829	0.704193
2.507829	0.704950
2.508829	0.705682
2.509829	0.706387
2.510829	0.707065
2.511829	0.707716
2.512829	0.708341
2.513829	0.708939
2.514829	0.709509
2.515829	0.710052
2.516829	0.710568
2.517829	0.711056
2.518829	0.711517
2.519829	0.711950
2.520829	0.712356
2.521829	0.712734
2.522829	0.713084
2.523829	0.713406
2.524829	0.713700
2.525829	0.713966
2.526829	0.714205
2.527829	0.714415
2.528829	0.714597
2.529829	0.714751
2.530829	0.714877
2.531829	0.714975
2.532829	0.715045
2.533829	0.715087
2.534829	0.715101
2.535829	0.715087
2.536829	0.715045
2.537829	0.714975
2.538829	0.714877
2.539829	0.714752
2.540829	0.714599
2.541829	0.714418
2.542829	0.714209
2.543829	0.713973
2.544829	0.713710
2.545829	0.713419
2.546829	0.713101
2.547829	0.712756
2.548829	0.712385
2.549829	0.711986
2.550829	0.711561
2.551829	0.711109
2.552829	0.710631
2.553829	0.710126
2.554829	0.709596
2.555829	0.709039
2.556829	0.708457
2.557829	0.707850
2.558829	0.707217
2.559829	0.706559
2.560829	0.705876
2.561829	0.705168
2.562829	0.704436
2.563829	0.703680
2.564829	0.702899
2.565829	0.702094
2.566829	0.701266
2.567829	0.700415
2.568829	0.699540
2.569829	0.698643
2.570829	0.697722
2.571829	0.696780
2.572829	0.695815
2.573829	0.694828
2.574829	0.693820
2.575829	0.692790
2.576829	0.691740
2.577829	0.690668
2.578829	0.689576
2.579829	0.688464
2.580829	0.687333
2.581829	0.686181
2.582829	0.685010
2.583829	0.683821
2.584829	0.682612
2.585829	0.681385
2.586829	0.680141
2.587829	0.678878
2.588829	0.677598
2.589829	0.676301
2.590829	0.674988
2.591829	0.673658
2.592829	0.672312
2.593829	0.670950
2.594829	0.669573
2.595829	0.668181
2.596829	0.666775
2.597829	0.665354
2.598829	0.663919
2.599829	0.662470
2.600829	0.661008
2.601829	0.659534
2.602829	0.658047
2.603829	0.656548
2.604829	0.655037
2.605829	0.653514
2.606829	0.651981
2.607829	0.650437
2.608829	0.648883
2.609829	0.647319
2.610829	0.645745
2.611829	0.644162
2.612829	0.642571
2.613829	0.640971
2.614829	0.639363
2.615829	0.637748
2.616829	0.636126
2.617829	0.634496
2.618829	0.632861
2.619829	0.631219
2.620829	0.629571
2.621829	0.627919
2.622829	0.626261
2.623829	0.624599
2.624829	0.622933
2.625829	0.621264
2.626829	0.619591
2.627829	0.617915
2.628829	0.616237
2.629829	0.614556
2.630829	0.612874
2.631829	0.611191
2.632829	0.609507
2.633829	0.607822
2.634829	0.606137
2.635829	0.604452
2.636829	0.602768
2.637829	0.601085
2.638829	0.599404
2.639829	0.597724
2.640829	0.596047
2.641829	0.594372
2.642829	0.592700
2.643829	0.591031
2.644829	0.589367
2.645829	0.587706
2.646829	0.586050
2.647829	0.584399
2.648829	0.582753
2.649829	0.581112
2.650829	0.579478
2.651829	0.577850
2.652829	0.576229
2.653829	0.574615
2.654829	0.573009
2.655829	0.571410
2.656829	0.569819
2.657829	0.568238
2.658829	0.566665
2.659829	0.565101
2.660829	0.563547
2.661829	0.562003
2.662829	0.560469
2.663829	0.558946
2.664829	0.557434
2.665829	0.555933
2.666829	0.554444
2.667829	0.552967
2.668829	0.551503
2.669829	0.550051
2.670829	0.548612
2.671829	0.547186
2.672829	0.545774
2.673829	0.544376
2.674829	0.542992
2.675829	0.541622
2.676829	0.540267
2.677829	0.538928
2.678829	0.537604
2.679829	0.536295
2.680829	0.535003
2.681829	0.533726
2.682829	0.532467
2.683829	0.531223
2.684829	0.529997
2.685829	0.528789
2.686829	0.527598
2.687829	0.526424
2.688829	0.525269
2.689829	0.524132
2.690829	0.523013
2.691829	0.521913
2.692829	0.520832
2.693829	0.519771
2.694829	0.518728
2.695829	0.517706
2.696829	0.516703
2.697829	0.515719
2.698829	0.514757
2.699829	0.513814
2.700829	0.512892
2.701829	0.511991
2.702829	0.511110
2.703829	0.510251
2.704829	0.509412
2.705829	0.508595
2.706829	0.507799
2.707829	0.507025
2.708829	0.506273
2.709829	0.505542
2.710829	0.504834
2.711829	0.504147
2.712829	0.503482
2.713829	0.502840
2.714829	0.502220
2.715829	0.501622
2.716829	0.501047
2.717829	0.500494
2.718829	0.499964
2.719829	0.499457
2.720829	0.498972
2.721829	0.498510
2.722829	0.498070
2.723829	0.497653
2.724829	0.497260
2.725829	0.496888
2.726829	0.496540
2.727829	0.496215
2.728829	0.495912
2.729829	0.495632
2.730829	0.495376
2.731829	0.495141
2.732829	0.494930
2.733829	0.494741
2.734829	0.494575
2.735829	0.494432
2.736829	0.494312
2.737829	0.494214
2.738829	0.494138
2.739829	0.494085
2.740829	0.494055
2.741829	0.494047
2.742829	0.494061
2.743829	0.494097
2.744829	0.494156
2.745829	0.494236
2.746829	0.494339
2.747829	0.494463
2.748829	0.494610
2.749829	0.494777
2.750829	0.494967
2.751829	0.495178
2.752829	0.495410
2.753829	0.495663
2.754829	0.495938
2.755829	0.496233
2.756829	0.496550
2.757829	0.496887
2.758829	0.497245
2.759829	0.497623
2.760829	0.498021
2.761829	0.498439
2.762829	0.498878
2.763829	0.499336
2.764829	0.499814
2.765829	0.500312
2.766829	0.500829
2.767829	0.501365
2.768829	0.501920
2.769829	0.502494
2.770829	0.503086
2.771829	0.503697
2.772829	0.504327
2.773829	0.504974
2.774829	0.505640
2.775829	0.506323
2.776829	0.507023
2.777829	0.507741
2.778829	0.508477
2.779829	0.509229
2.780829	0.509997
2.781829	0.510783
2.782829	0.511585
2.783829	0.512402
2.784829	0.513236
2.785829	0.514085
2.786829	0.514950
2.787829	0.515830
2.788829	0.516726
2.789829	0.517636
2.790829	0.518560
2.791829	0.519499
2.792829	0.520452
2.793829	0.521419
2.794829	0.522400
2.795829	0.523394
2.796829	0.524401
2.797829	0.525422
2.798829	0.526455
2.799829	0.527500
2.800829	0.528558
2.801829	0.529628
2.802829	0.530710
2.803829	0.531803
2.804829	0.532907
2.805829	0.534023
2.806829	0.535150
2.807829	0.536287
2.808829	0.537434
2.809829	0.538591
2.810829	0.539759
2.811829	0.540936
2.812829	0.542122
2.813829	0.543318
2.814829	0.544522
2.815829	0.545735
2.816829	0.546956
2.817829	0.548186
2.818829	0.549423
2.819829	0.550668
2.820829	0.551920
2.821829	0.553180
2.822829	0.554446
2.823829	0.555719
2.824829	0.556999
2.825829	0.558284
2.826829	0.559576
2.827829	0.560873
2.828829	0.562176
2.829829	0.563483
2.830829	0.564796
2.831829	0.566114
2.832829	0.567436
2.833829	0.568762
2.834829	0.570092
2.835829	0.571426
2.836829	0.572763
2.837829	0.574104
2.838829	0.575448
2.839829	0.576794
2.840829	0.578143
2.841829	0.579495
2.842829	0.580848
2.843829	0.582204
2.844829	0.583561
2.845829	0.584920
2.846829	0.586280
2.847829	0.587640
2.848829	0.589002
2.849829	0.590364
2.850829	0.591727
2.851829	0.593089
2.852829	0.594452
2.853829	0.595814
2.854829	0.597176
2.855829	0.598538
2.856829	0.599898
2.857829	0.601257
2.858829	0.602615
2.859829	0.603972
2.860829	0.605326
2.861829	0.606679
2.862829	0.608030
2.863829	0.609379
2.864829	0.610725
2.865829	0.612069
2.866829	0.613410
2.867829	0.614748
2.868829	0.616083
2.869829	0.617415
2.870829	0.618744
2.871829	0.620068
2.872829	0.621389
2.873829	0.622707
2.874829	0.624020
2.875829	0.625329
2.876829	0.626633
2.877829	0.627934
2.878829	0.629229
2.879829	0.630520
2.880829	0.631806
2.881829	0.633087
2.882829	0.634363
2.883829	0.635634
2.884829	0.636900
2.885829	0.638160
2.886829	0.639415
2.887829	0.640664
2.888829	0.641907
2.889829	0.643144
2.890829	0.644376
2.891829	0.645602
2.892829	0.646821
2.893829	0.648035
2.894829	0.649242
2.895829	0.650443
2.896829	0.651637
2.897829	0.652826
2.898829	0.654007
2.899829	0.655182
2.900829	0.656351
2.901829	0.657513
2.902829	0.658668
2.903829	0.659816
2.904829	0.660958
2.905829	0.662092
2.906829	0.663220
2.907829	0.664341
2.908829	0.665455
2.909829	0.666562
2.910829	0.667662
2.911829	0.668755
2.912829	0.669841
2.913829	0.670920
2.914829	0.671992
2.915829	0.673056
2.916829	0.674114
2.917829	0.675164
2.918829	0.676208
2.919829	0.677244
2.920829	0.678273
2.921829	0.679295
2.922829	0.680309
2.923829	0.681317
2.924829	0.682317
2.925829	0.683311
2.926829	0.684297
2.927829	0.685276
2.928829	0.686249
2.929829	0.687214
2.930829	0.688172
2.931829	0.689123
2.932829	0.690067
2.933829	0.691004
2.934829	0.691934
2.935829	0.692858
2.936829	0.693774
2.937829	0.694684
2.938829	0.695586
2.939829	0.696483
2.940829	0.697372
2.941829	0.698255
2.942829	0.699131
2.943829	0.700000
2.944829	0.700863
2.945829	0.701720
2.946829	0.702570
2.947829	0.703413
2.948829	0.704250
2.949829	0.705081
2.950829	0.705906
2.951829	0.706725
2.952829	0.707537
2.953829	0.708343
2.954829	0.709144
2.955829	0.709938
2.956829	0.710726
2.957829	0.711509
2.958829	0.712286
2.959829	0.713057
2.960829	0.713823
2.961829	0.714583
2.962829	0.715337
2.963829	0.716086
2.964829	0.716830
2.965829	0.717568
2.966829	0.718302
2.967829	0.719030
2.968829	0.719753
2.969829	0.720471
2.970829	0.721184
2.971829	0.721892
2.972829	0.722595
2.973829	0.723294
2.974829	0.723988
2.975829	0.724677
2.976829	0.725362
2.977829	0.726043
2.978829	0.726719
2.979829	0.727391
2.980829	0.728059
2.981829	0.728723
2.982829	0.729383
2.983829	0.730039
2.984829	0.730691
2.985829	0.731339
2.986829	0.731983
2.987829	0.732624
2.988829	0.733262
2.989829	0.733895
2.990829	0.734526
2.991829	0.735153
2.992829	0.735777
2.993829	0.736398
2.994829	0.737016
2.995829	0.737630
2.996829	0.738242
2.997829	0.738851
2.998829	0.739457
2.999829	0.740061
3.000829	0.740661
3.001829	0.741260
3.002829	0.741856
3.003829	0.742449
3.004829	0.743040
3.005829	0.743629
3.006829	0.744216
3.007829	0.744801
3.008829	0.745383
3.009829	0.745964
3.010829	0.746542
3.011829	0.747119
3.012829	0.747695
3.013829	0.748268
3.014829	0.748840
3.015829	0.749410
3.016829	0.749979
3.017829	0.750546
3.018829	0.751112
3.019829	0.751677
3.020829	0.752240
3.021829	0.752802
3.022829	0.753363
3.023829	0.753923
3.024829	0.754482
3.025829	0.755040
3.026829	0.755597
3.027829	0.756153
3.028829	0.756709
3.029829	0.757263
3.030829	0.757817
3.031829	0.758370
3.032829	0.758922
3.033829	0.759474
3.034829	0.760025
3.035829	0.760576
3.036829	0.761126
3.037829	0.761676
3.038829	0.762225
3.039829	0.762774
3.040829	0.763323
3.041829	0.763871
3.042829	0.764419
3.043829	0.764966
3.044829	0.765514
3.045829	0.766061
3.046829	0.766607
3.047829	0.767154
3.048829	0.767700
3.049829	0.768246
3.050829	0.768792
3.051829	0.769338
3.052829	0.769883
3.053829	0.770428
3.054829	0.770973
3.055829	0.771518
3.056829	0.772063
3.057829	0.772607
3.058829	0.773152
3.059829	0.773696
3.060829	0.774239
3.061829	0.774783
3.062829	0.775326
3.063829	0.775869
3.064829	0.776411
3.065829	0.776953
3.066829	0.777495
3.067829	0.778037
3.068829	0.778577
3.069829	0.779118
3.070829	0.779658
3.071829	0.780197
3.072829	0.780736
3.073829	0.781274
3.074829	0.781812
3.075829	0.782349
3.076829	0.782885
3.077829	0.783420
3.078829	0.783955
3.079829	0.784489
3.080829	0.785021
3.081829	0.785553
3.082829	0.786084
3.083829	0.786614
3.084829	0.787142
3.085829	0.787670
3.086829	0.788196
3.087829	0.788721
3.088829	0.789244
3.089829	0.789766
3.090829	0.790287
3.091829	0.790806
3.092829	0.791323
3.093829	0.791839
3.094829	0.792353
3.095829	0.792865
3.096829	0.793376
3.097829	0.793884
3.098829	0.794390
3.099829	0.794895
3.100829	0.795397
3.101829	0.795897
3.102829	0.796394
3.103829	0.796890
3.104829	0.797382
3.105829	0.797873
3.106829	0.798361
3.107829	0.798846
3.108829	0.799328
3.109829	0.799807
3.110829	0.800284
3.111829	0.800757
3.112829	0.801228
3.113829	0.801695
3.114829	0.802160
3.115829	0.802620
3.116829	0.803078
3.117829	0.803532
3.118829	0.803982
3.119829	0.804429
3.120829	0.804872
3.121829	0.805312
3.122829	0.805747
3.123829	0.806179
3.124829	0.806606
3.125829	0.807030
3.126829	0.807449
3.127829	0.807864
3.128829	0.808274
3.129829	0.808680
3.130829	0.809082
3.131829	0.809479
3.132829	0.809871
3.133829	0.810258
3.134829	0.810641
3.135829	0.811018
3.136829	0.811391
3.137829	0.811759
3.138829	0.812121
3.139829	0.812478
3.140829	0.812830
3.141829	0.813176
3.142829	0.813517
3.143829	0.813852
3.144829	0.814181
3.145829	0.814505
3.146829	0.814823
3.147829	0.815135
3.148829	0.815441
3.149829	0.815741
3.150829	0.816035
3.151829	0.816323
3.152829	0.816604
3.153829	0.816879
3.154829	0.817148
3.155829	0.817410
3.156829	0.817665
3.157829	0.817914
3.158829	0.818157
3.159829	0.818392
3.160829	0.818621
3.161829	0.818842
3.162829	0.819057
3.163829	0.819265
3.164829	0.819465
3.165829	0.819659
3.166829	0.819845
3.167829	0.820024
3.168829	0.820196
3.169829	0.820360
3.170829	0.820516
3.171829	0.820666
3.172829	0.820807
3.173829	0.820941
3.174829	0.821068
3.175829	0.821187
3.176829	0.821297
3.177829	0.821401
3.178829	0.821496
3.179829	0.821583
3.180829	0.821663
3.181829	0.821734
3.182829	0.821798
3.183829	0.821853
3.184829	0.821900
3.185829	0.821939
3.186829	0.821970
3.187829	0.821993
3.188829	0.822008
3.189829	0.822014
3.190829	0.822012
3.191829	0.822002
3.192829	0.821984
3.193829	0.821957
3.194829	0.821922
3.195829	0.821878
3.196829	0.821826
3.197829	0.821766
3.198829	0.821697
3.199829	0.821620
3.200829	0.821534
3.201829	0.821440
3.202829	0.821338
3.203829	0.821227
3.204829	0.821108
3.205829	0.820981
3.206829	0.820845
3.207829	0.820700
3.208829	0.820548
3.209829	0.820387
3.210829	0.820217
3.211829	0.820040
3.212829	0.819854
3.213829	0.819659
3.214829	0.819457
3.215829	0.819246
3.216829	0.819027
3.217829	0.818800
3.218829	0.818565
3.219829	0.818322
3.220829	0.818071
3.221829	0.817812
3.222829	0.817545
3.223829	0.817270
3.224829	0.816987
3.225829	0.816697
3.226829	0.816399
3.227829	0.816093
3.228829	0.815780
3.229829	0.815459
3.230829	0.815131
3.231829	0.814795
3.232829	0.814453
3.233829	0.814103
3.234829	0.813745
3.235829	0.813381
3.236829	0.813010
3.237829	0.812632
3.238829	0.812248
3.239829	0.811856
3.240829	0.811458
3.241829	0.811054
3.242829	0.810643
3.243829	0.810226
3.244829	0.809803
3.245829	0.809374
3.246829	0.808939
3.247829	0.808497
3.248829	0.808051
3.249829	0.807598
3.250829	0.807140
3.251829	0.806677
3.252829	0.806208
3.253829	0.805734
3.254829	0.805255
3.255829	0.804772
3.256829	0.804283
3.257829	0.803790
3.258829	0.803292
3.259829	0.802790
3.260829	0.802283
3.261829	0.801773
3.262829	0.801258
3.263829	0.800740
3.264829	0.800217
3.265829	0.799691
3.266829	0.799162
3.267829	0.798629
3.268829	0.798093
3.269829	0.797554
3.270829	0.797012
3.271829	0.796468
3.272829	0.795920
3.273829	0.795370
3.274829	0.794818
3.275829	0.794264
3.276829	0.793708
3.277829	0.793149
3.278829	0.792589
3.279829	0.792028
3.280829	0.791464
3.281829	0.790900
3.282829	0.790334
3.283829	0.789768
3.284829	0.789200
3.285829	0.788632
3.286829	0.788064
3.287829	0.787494
3.288829	0.786925
3.289829	0.786356
3.290829	0.785786
3.291829	0.785217
3.292829	0.784648
3.293829	0.784080
3.294829	0.783513
3.295829	0.782946
3.296829	0.782380
3.297829	0.781816
3.298829	0.781252
3.299829	0.780691
3.300829	0.780130
3.301829	0.779572
3.302829	0.779015
3.303829	0.778461
3.304829	0.777909
3.305829	0.777359
3.306829	0.776811
3.307829	0.776267
3.308829	0.775725
3.309829	0.775186
3.310829	0.774650
3.311829	0.774118
3.312829	0.773589
3.313829	0.773063
3.314829	0.772541
3.315829	0.772024
3.316829	0.771510
3.317829	0.771000
3.318829	0.770495
3.319829	0.769994
3.320829	0.769497
3.321829	0.769006
3.322829	0.768519
3.323829	0.768037
3.324829	0.767561
3.325829	0.767089
3.326829	0.766624
3.327829	0.766163
3.328829	0.765709
3.329829	0.765260
3.330829	0.764817
3.331829	0.764380
3.332829	0.763950
3.333829	0.763526
3.334829	0.763108
3.335829	0.762697
3.336829	0.762293
3.337829	0.761895
3.338829	0.761505
3.339829	0.761121
3.340829	0.760745
3.341829	0.760376
3.342829	0.760015
3.343829	0.759661
3.344829	0.759314
3.345829	0.758976
3.346829	0.758645
3.347829	0.758322
3.348829	0.758008
3.349829	0.757701
3.350829	0.757403
3.351829	0.757113
3.352829	0.756831
3.353829	0.756558
3.354829	0.756294
3.355829	0.756038
3.356829	0.755792
3.357829	0.755554
3.358829	0.755325
3.359829	0.755105
3.360829	0.754894
3.361829	0.754692
3.362829	0.754500
3.363829	0.754317
3.364829	0.754143
3.365829	0.753979
3.366829	0.753824
3.367829	0.753679
3.368829	0.753543
3.369829	0.753417
3.370829	0.753301
3.371829	0.753195
3.372829	0.753098
3.373829	0.753011
3.374829	0.752934
3.375829	0.752867
3.376829	0.752810
3.377829	0.752763
3.378829	0.752725
3.379829	0.752698
3.380829	0.752681
3.381829	0.752674
3.382829	0.752677
3.383829	0.752690
3.384829	0.752713
3.385829	0.752746
3.386829	0.752789
3.387829	0.752842
3.388829	0.752905
3.389829	0.752979
3.390829	0.753062
3.391829	0.753155
3.392829	0.753258
3.393829	0.753371
3.394829	0.753494
3.395829	0.753627
3.396829	0.753770
3.397829	0.753922
3.398829	0.754084
3.399829	0.754256
3.400829	0.754438
3.401829	0.754629
3.402829	0.754829
3.403829	0.755039
3.404829	0.755259
3.405829	0.755488
3.406829	0.755725
3.407829	0.755973
3.408829	0.756229
3.409829	0.756494
3.410829	0.756768
3.411829	0.757051
3.412829	0.757342
3.413829	0.757643
3.414829	0.757951
3.415829	0.758268
3.416829	0.758594
3.417829	0.758928
3.418829	0.759269
3.419829	0.759619
3.420829	0.759977
3.421829	0.760342
3.422829	0.760715
3.423829	0.761096
3.424829	0.761484
3.425829	0.761879
3.426829	0.762281
3.427829	0.762691
3.428829	0.763107
3.429829	0.763530
3.430829	0.763959
3.431829	0.764395
3.432829	0.764838
3.433829	0.765286
3.434829	0.765741
3.435829	0.766201
3.436829	0.766667
3.437829	0.767139
3.438829	0.767616
3.439829	0.768098
3.440829	0.768586
3.441829	0.769078
3.442829	0.769575
3.443829	0.770077
3.444829	0.770583
3.445829	0.771093
3.446829	0.771608
3.447829	0.772126
3.448829	0.772649
3.449829	0.773175
3.450829	0.773704
3.451829	0.774237
3.452829	0.774772
3.453829	0.775311
3.454829	0.775852
3.455829	0.776396
3.456829	0.776942
3.457829	0.777491
3.458829	0.778041
3.459829	0.778594
3.460829	0.779148
3.461829	0.779703
3.462829	0.780260
3.463829	0.780818
3.464829	0.781377
3.465829	0.781936
3.466829	0.782496
3.467829	0.783057
3.468829	0.783617
3.469829	0.784178
3.470829	0.784738
3.471829	0.785298
3.472829	0.785858
3.473829	0.786416
3.474829	0.786974
3.475829	0.787530
3.476829	0.788086
3.477829	0.788639
3.478829	0.789191
3.479829	0.789741
3.480829	0.790289
3.481829	0.790835
3.482829	0.791378
3.483829	0.791919
3.484829	0.792457
3.485829	0.792992
3.486829	0.793523
3.487829	0.794051
3.488829	0.794576
3.489829	0.795097
3.490829	0.795613
3.491829	0.796126
3.492829	0.796634
3.493829	0.797138
3.494829	0.797637
3.495829	0.798132
3.496829	0.798621
3.497829	0.799105
3.498829	0.799584
3.499829	0.800057
3.500829	0.800524
3.501829	0.800985
3.502829	0.801440
3.503829	0.801889
3.504829	0.802332
3.505829	0.802767
3.506829	0.803196
3.507829	0.803619
3.508829	0.804033
3.509829	0.804441
3.510829	0.804841
3.511829	0.805234
3.512829	0.805618
3.513829	0.805995
3.514829	0.806364
3.515829	0.806724
3.516829	0.807076
3.517829	0.807420
3.518829	0.807755
3.519829	0.808080
3.520829	0.808397
3.521829	0.808705
3.522829	0.809003
3.523829	0.809292
3.524829	0.809572
3.525829	0.809841
3.526829	0.810101
3.527829	0.810351
3.528829	0.810591
3.529829	0.810820
3.530829	0.811039
3.531829	0.811248
3.532829	0.811446
3.533829	0.811633
3.534829	0.811810
3.535829	0.811975
3.536829	0.812130
3.537829	0.812273
3.538829	0.812405
3.539829	0.812526
3.540829	0.812635
3.541829	0.812733
3.542829	0.812819
3.543829	0.812893
3.544829	0.812955
3.545829	0.813006
3.546829	0.813044
3.547829	0.813071
3.548829	0.813085
3.549829	0.813087
3.550829	0.813077
3.551829	0.813054
3.552829	0.813019
3.553829	0.812972
3.554829	0.812912
3.555829	0.812839
3.556829	0.812754
3.557829	0.812656
3.558829	0.812545
3.559829	0.812422
3.560829	0.812286
3.561829	0.812137
3.562829	0.811976
3.563829	0.811801
3.564829	0.811614
3.565829	0.811414
3.566829	0.811200
3.567829	0.810974
3.568829	0.810736
3.569829	0.810484
3.570829	0.810219
3.571829	0.809942
3.572829	0.809651
3.573829	0.809348
3.574829	0.809032
3.575829	0.808704
3.576829	0.808362
3.577829	0.808008
3.578829	0.807641
3.579829	0.807261
3.580829	0.806869
3.581829	0.806465
3.582829	0.806047
3.583829	0.805618
3.584829	0.805176
3.585829	0.804721
3.586829	0.804255
3.587829	0.803776
3.588829	0.803285
3.589829	0.802782
3.590829	0.802267
3.591829	0.801740
3.592829	0.801201
3.593829	0.800651
3.594829	0.800089
3.595829	0.799515
3.596829	0.798930
3.597829	0.798333
3.598829	0.797725
3.599829	0.797106
3.600829	0.796476
3.601829	0.795835
3.602829	0.795183
3.603829	0.794521
3.604829	0.793847
3.605829	0.793163
3.606829	0.792469
3.607829	0.791765
3.608829	0.791050
3.609829	0.790325
3.610829	0.789591
3.611829	0.788846
3.612829	0.788092
3.613829	0.787329
3.614829	0.786556
3.615829	0.785773
3.616829	0.784982
3.617829	0.784182
3.618829	0.783373
3.619829	0.782555
3.620829	0.781729
3.621829	0.780894
3.622829	0.780051
3.623829	0.779201
3.624829	0.778342
3.625829	0.777475
3.626829	0.776601
3.627829	0.775719
3.628829	0.774830
3.629829	0.773934
3.630829	0.773031
3.631829	0.772121
3.632829	0.771205
3.633829	0.770282
3.634829	0.769353
3.635829	0.768417
3.636829	0.767476
3.637829	0.766529
3.638829	0.765576
3.639829	0.764618
3.640829	0.763655
3.641829	0.762686
3.642829	0.761713
3.643829	0.760734
3.644829	0.759752
3.645829	0.758765
3.646829	0.757773
3.647829	0.756778
3.648829	0.755779
3.649829	0.754776
3.650829	0.753769
3.651829	0.752760
3.652829	0.751747
3.653829	0.750731
3.654829	0.749713
3.655829	0.748692
3.656829	0.747668
3.657829	0.746643
3.658829	0.745615
3.659829	0.744585
3.660829	0.743554
3.661829	0.742522
3.662829	0.741488
3.663829	0.740453
3.664829	0.739417
3.665829	0.738381
3.666829	0.737344
3.667829	0.736306
3.668829	0.735269
3.669829	0.734231
3.670829	0.733194
3.671829	0.732157
3.672829	0.731121
3.673829	0.730085
3.674829	0.729050
3.675829	0.728017
3.676829	0.726985
3.677829	0.725954
3.678829	0.724925
3.679829	0.723898
3.680829	0.722873
3.681829	0.721850
3.682829	0.720829
3.683829	0.719811
3.684829	0.718796
3.685829	0.717784
3.686829	0.716775
3.687829	0.715769
3.688829	0.714766
3.689829	0.713767
3.690829	0.712772
3.691829	0.711781
3.692829	0.710794
3.693829	0.709812
3.694829	0.708833
3.695829	0.707860
3.696829	0.706891
3.697829	0.705927
3.698829	0.704968
3.699829	0.704015
3.700829	0.703067
3.701829	0.702124
3.702829	0.701188
3.703829	0.700257
3.704829	0.699332
3.705829	0.698413
3.706829	0.697501
3.707829	0.696596
3.708829	0.695696
3.709829	0.694804
3.710829	0.693919
3.711829	0.693040
3.712829	0.692169
3.713829	0.691306
3.714829	0.690449
3.715829	0.689600
3.716829	0.688759
3.717829	0.687926
3.718829	0.687101
3.719829	0.686284
3.720829	0.685475
3.721829	0.684675
3.722829	0.683883
3.723829	0.683099
3.724829	0.682324
3.725829	0.681558
3.726829	0.680801
3.727829	0.680053
3.728829	0.679314
3.729829	0.678584
3.730829	0.677864
3.731829	0.677153
3.732829	0.676451
3.733829	0.675759
3.734829	0.675076
3.735829	0.674403
3.736829	0.673740
3.737829	0.673087
3.738829	0.672444
3.739829	0.671811
3.740829	0.671188
3.741829	0.670575
3.742829	0.669972
3.743829	0.669380
3.744829	0.668798
3.745829	0.668226
3.746829	0.667664
3.747829	0.667113
3.748829	0.666573
3.749829	0.666043
3.750829	0.665524
3.751829	0.665015
3.752829	0.664517
3.753829	0.664030
3.754829	0.663553
3.755829	0.663087
3.756829	0.662632
3.757829	0.662188
3.758829	0.661754
3.759829	0.661331
3.760829	0.660919
3.761829	0.660518
3.762829	0.660128
3.763829	0.659748
3.764829	0.659380
3.765829	0.659022
3.766829	0.658675
3.767829	0.658339
3.768829	0.658014
3.769829	0.657699
3.770829	0.657395
3.771829	0.657102
3.772829	0.656820
3.773829	0.656549
3.774829	0.656288
3.775829	0.656038
3.776829	0.655799
3.777829	0.655570
3.778829	0.655352
3.779829	0.655145
3.780829	0.654948
3.781829	0.654761
3.782829	0.654585
3.783829	0.654420
3.784829	0.654265
3.785829	0.654120
3.786829	0.653986
3.787829	0.653861
3.788829	0.653747
3.789829	0.653644
3.790829	0.653550
3.791829	0.653466
3.792829	0.653393
3.793829	0.653329
3.794829	0.653275
3.795829	0.653231
3.796829	0.653196
3.797829	0.653172
3.798829	0.653156
3.799829	0.653151
3.800829	0.653155
3.801829	0.653168
3.802829	0.653190
3.803829	0.653222
3.804829	0.653263
3.805829	0.653313
3.806829	0.653372
3.807829	0.653440
3.808829	0.653517
3.809829	0.653602
3.810829	0.653696
3.811829	0.653799
3.812829	0.653910
3.813829	0.654029
3.814829	0.654157
3.815829	0.654293
3.816829	0.654437
3.817829	0.654589
3.818829	0.654749
3.819829	0.654916
3.820829	0.655091
3.821829	0.655274
3.822829	0.655465
3.823829	0.655663
3.824829	0.655868
3.825829	0.656080
3.826829	0.656299
3.827829	0.656525
3.828829	0.656758
3.829829	0.656998
3.830829	0.657244
3.831829	0.657497
3.832829	0.657756
3.833829	0.658022
3.834829	0.658293
3.835829	0.658571
3.836829	0.658854
3.837829	0.659143
3.838829	0.659438
3.839829	0.659739
3.840829	0.660045
3.841829	0.660356
3.842829	0.660672
3.843829	0.660993
3.844829	0.661320
3.845829	0.661651
3.846829	0.661986
3.847829	0.662327
3.848829	0.662671
3.849829	0.663020
3.850829	0.663373
3.851829	0.663730
3.852829	0.664091
3.853829	0.664456
3.854829	0.664824
3.855829	0.665196
3.856829	0.665571
3.857829	0.665949
3.858829	0.666330
3.859829	0.666715
3.860829	0.667102
3.861829	0.667492
3.862829	0.667884
3.863829	0.668278
3.864829	0.668675
3.865829	0.669074
3.866829	0.669475
3.867829	0.669878
3.868829	0.670283
3.869829	0.670689
3.870829	0.671096
3.871829	0.671505
3.872829	0.671915
3.873829	0.672326
3.874829	0.672737
3.875829	0.673150
3.876829	0.673563
3.877829	0.673976
3.878829	0.674390
3.879829	0.674804
3.880829	0.675218
3.881829	0.675632
3.882829	0.676045
3.883829	0.676458
3.884829	0.676871
3.885829	0.677283
3.886829	0.677694
3.887829	0.678104
3.888829	0.678513
3.889829	0.678920
3.890829	0.679326
3.891829	0.679731
3.892829	0.680134
3.893829	0.680535
3.894829	0.680935
3.895829	0.681332
3.896829	0.681727
3.897829	0.682119
3.898829	0.682509
3.899829	0.682897
3.900829	0.683281
3.901829	0.683663
3.902829	0.684041
3.903829	0.684417
3.904829	0.684789
3.905829	0.685157
3.906829	0.685522
3.907829	0.685883
3.908829	0.686241
3.909829	0.686594
3.910829	0.686943
3.911829	0.687288
3.912829	0.687629
3.913829	0.687965
3.914829	0.688296
3.915829	0.688622
3.916829	0.688944
3.917829	0.689261
3.918829	0.689572
3.919829	0.689878
3.920829	0.690178
3.921829	0.690473
3.922829	0.690763
3.923829	0.691046
3.924829	0.691324
3.925829	0.691595
3.926829	0.691861
3.927829	0.692120
3.928829	0.692372
3.929829	0.692618
3.930829	0.692858
3.931829	0.693090
3.932829	0.693316
3.933829	0.693534
3.934829	0.693746
3.935829	0.693950
3.936829	0.694147
3.937829	0.694337
3.938829	0.694518
3.939829	0.694693
3.940829	0.694859
3.941829	0.695017
3.942829	0.695168
3.943829	0.695310
3.944829	0.695444
3.945829	0.695570
3.946829	0.695687
3.947829	0.695795
3.948829	0.695895
3.949829	0.695986
3.950829	0.696069
3.951829	0.696142
3.952829	0.696206
3.953829	0.696262
3.954829	0.696307
3.955829	0.696344
3.956829	0.696371
3.957829	0.696388
3.958829	0.696396
3.959829	0.696395
3.960829	0.696383
3.961829	0.696361
3.962829	0.696330
3.963829	0.696288
3.964829	0.696236
3.965829	0.696174
3.966829	0.696102
3.967829	0.696019
3.968829	0.695926
3.969829	0.695822
3.970829	0.695708
3.971829	0.695582
3.972829	0.695446
3.973829	0.695299
3.974829	0.695142
3.975829	0.694973
3.976829	0.694793
3.977829	0.694602
3.978829	0.694399
3.979829	0.694186
3.980829	0.693961
3.981829	0.693724
3.982829	0.693476
3.983829	0.693217
3.984829	0.692946
3.985829	0.692663
3.986829	0.692369
3.987829	0.692063
3.988829	0.691745
3.989829	0.691415
3.990829	0.691073
3.991829	0.690720
3.992829	0.690354
3.993829	0.689976
3.994829	0.689586
3.995829	0.689184
3.996829	0.688770
3.997829	0.688344
3.998829	0.687905
3.999829	0.687454
4.000829	0.686991
4.001829	0.686515
4.002829	0.686027
4.003829	0.685527
4.004829	0.685014
4.005829	0.684488
4.006829	0.683951
4.007829	0.683400
4.008829	0.682837
4.009829	0.682262
4.010829	0.681674
4.011829	0.681073
4.012829	0.680460
4.013829	0.679834
4.014829	0.679195
4.015829	0.678544
4.016829	0.677880
4.017829	0.677204
4.018829	0.676514
4.019829	0.675813
4.020829	0.675098
4.021829	0.674371
4.022829	0.673631
4.023829	0.672879
4.024829	0.672114
4.025829	0.671337
4.026829	0.670546
4.027829	0.669744
4.028829	0.668928
4.029829	0.668100
4.030829	0.667260
4.031829	0.666407
4.032829	0.665541
4.033829	0.664663
4.034829	0.663773
4.035829	0.662870
4.036829	0.661955
4.037829	0.661028
4.038829	0.660088
4.039829	0.659136
4.040829	0.658172
4.041829	0.657195
4.042829	0.656207
4.043829	0.655206
4.044829	0.654193
4.045829	0.653169
4.046829	0.652132
4.047829	0.651084
4.048829	0.650023
4.049829	0.648951
4.050829	0.647867
4.051829	0.646772
4.052829	0.645665
4.053829	0.644547
4.054829	0.643417
4.055829	0.642276
4.056829	0.641123
4.057829	0.639960
4.058829	0.638785
4.059829	0.637599
4.060829	0.636402
4.061829	0.635195
4.062829	0.633976
4.063829	0.632747
4.064829	0.631507
4.065829	0.630257
4.066829	0.628997
4.067829	0.627726
4.068829	0.626445
4.069829	0.625154
4.070829	0.623853
4.071829	0.622542
4.072829	0.621222
4.073829	0.619892
4.074829	0.618552
4.075829	0.617203
4.076829	0.615844
4.077829	0.614477
4.078829	0.613101
4.079829	0.611715
4.080829	0.610321
4.081829	0.608919
4.082829	0.607508
4.083829	0.606088
4.084829	0.604661
4.085829	0.603225
4.086829	0.601782
4.087829	0.600331
4.088829	0.598872
4.089829	0.597406
4.090829	0.595932
4.091829	0.594452
4.092829	0.592965
4.093829	0.591470
4.094829	0.589970
4.095829	0.588462
4.096829	0.586949
4.097829	0.585430
4.098829	0.583904
4.099829	0.582373
4.100829	0.580836
4.101829	0.579294
4.102829	0.577747
4.103829	0.576194
4.104829	0.574637
4.105829	0.573075
4.106829	0.571509
4.107829	0.569938
4.108829	0.568363
4.109829	0.566785
4.110829	0.565202
4.111829	0.563616
4.112829	0.562027
4.113829	0.560435
4.114829	0.558840
4.115829	0.557241
4.116829	0.555641
4.117829	0.554038
4.118829	0.552433
4.119829	0.550826
4.120829	0.549217
4.121829	0.547606
4.122829	0.545994
4.123829	0.544381
4.124829	0.542768
4.125829	0.541153
4.126829	0.539538
4.127829	0.537922
4.128829	0.536306
4.129829	0.534691
4.130829	0.533076
4.131829	0.531461
4.132829	0.529846
4.133829	0.528233
4.134829	0.526621
4.135829	0.525010
4.136829	0.523401
4.137829	0.521793
4.138829	0.520187
4.139829	0.518583
4.140829	0.516982
4.141829	0.515383
4.142829	0.513787
4.143829	0.512194
4.144829	0.510604
4.145829	0.509017
4.146829	0.507434
4.147829	0.505854
4.148829	0.504279
4.149829	0.502708
4.150829	0.501141
4.151829	0.499578
4.152829	0.498021
4.153829	0.496468
4.154829	0.494920
4.155829	0.493378
4.156829	0.491841
4.157829	0.490310
4.158829	0.488785
4.159829	0.487266
4.160829	0.485754
4.161829	0.484248
4.162829	0.482748
4.163829	0.481256
4.164829	0.479770
4.165829	0.478292
4.166829	0.476821
4.167829	0.475358
4.168829	0.473903
4.169829	0.472455
4.170829	0.471016
4.171829	0.469585
4.172829	0.468163
4.173829	0.466749
4.174829	0.465344
4.175829	0.463948
4.176829	0.462562
4.177829	0.461184
4.178829	0.459817
4.179829	0.458458
4.180829	0.457110
4.181829	0.455772
4.182829	0.454444
4.183829	0.453126
4.184829	0.451819
4.185829	0.450522
4.186829	0.449236
4.187829	0.447961
4.188829	0.446697
4.189829	0.445444
4.190829	0.444202
4.191829	0.442972
4.192829	0.441754
4.193829	0.440547
4.194829	0.439352
4.195829	0.438169
4.196829	0.436998
4.197829	0.435839
4.198829	0.434693
4.199829	0.433559
4.200829	0.432437
4.201829	0.431329
4.202829	0.430233
4.203829	0.429150
4.204829	0.428079
4.205829	0.427022
4.206829	0.425978
4.207829	0.424947
4.208829	0.423930
4.209829	0.422926
4.210829	0.421935
4.211829	0.420958
4.212829	0.419994
4.213829	0.419045
4.214829	0.418109
4.215829	0.417186
4.216829	0.416278
4.217829	0.415384
4.218829	0.414503
4.219829	0.413636
4.220829	0.412784
4.221829	0.411946
4.222829	0.411121
4.223829	0.410311
4.224829	0.409515
4.225829	0.408734
4.226829	0.407966
4.227829	0.407213
4.228829	0.406474
4.229829	0.405749
4.230829	0.405038
4.231829	0.404342
4.232829	0.403660
4.233829	0.402992
4.234829	0.402338
4.235829	0.401699
4.236829	0.401073
4.237829	0.400462
4.238829	0.399865
4.239829	0.399282
4.240829	0.398713
4.241829	0.398158
4.242829	0.397616
4.243829	0.397089
4.244829	0.396575
4.245829	0.396075
4.246829	0.395589
4.247829	0.395116
4.248829	0.394656
4.249829	0.394210
4.250829	0.393777
4.251829	0.393358
4.252829	0.392951
4.253829	0.392558
4.254829	0.392177
4.255829	0.391809
4.256829	0.391453
4.257829	0.391110
4.258829	0.390779
4.259829	0.390461
4.260829	0.390154
4.261829	0.389860
4.262829	0.389577
4.263829	0.389305
4.264829	0.389045
4.265829	0.388796
4.266829	0.388559
4.267829	0.388332
4.268829	0.388116
4.269829	0.387910
4.270829	0.387715
4.271829	0.387530
4.272829	0.387355
4.273829	0.387189
4.274829	0.387033
4.275829	0.386887
4.276829	0.386749
4.277829	0.386621
4.278829	0.386501
4.279829	0.386390
4.280829	0.386286
4.281829	0.386191
4.282829	0.386104
4.283829	0.386024
4.284829	0.385952
4.285829	0.385887
4.286829	0.385828
4.287829	0.385776
4.288829	0.385731
4.289829	0.385691
4.290829	0.385658
4.291829	0.385630
4.292829	0.385608
4.293829	0.385590
4.294829	0.385577
4.295829	0.385569
4.296829	0.385566
4.297829	0.385566
4.298829	0.385570
4.299829	0.385578
4.300829	0.385589
4.301829	0.385603
4.302829	0.385619
4.303829	0.385638
4.304829	0.385659
4.305829	0.385682
4.306829	0.385707
4.307829	0.385733
4.308829	0.385760
4.309829	0.385788
4.310829	0.385816
4.311829	0.385844
4.312829	0.385872
4.313829	0.385900
4.314829	0.385927
4.315829	0.385954
4.316829	0.385979
4.317829	0.386002
4.318829	0.386024
4.319829	0.386043
4.320829	0.386061
4.321829	0.386075
4.322829	0.386087
4.323829	0.386095
4.324829	0.386100
4.325829	0.386100
4.326829	0.386097
4.327829	0.386090
4.328829	0.386077
4.329829	0.386060
4.330829	0.386037
4.331829	0.386009
4.332829	0.385975
4.333829	0.385935
4.334829	0.385889
4.335829	0.385836
4.336829	0.385776
4.337829	0.385708
4.338829	0.385633
4.339829	0.385551
4.340829	0.385460
4.341829	0.385361
4.342829	0.385254
4.343829	0.385137
4.344829	0.385011
4.345829	0.384876
4.346829	0.384732
4.347829	0.384577
4.348829	0.384412
4.349829	0.384237
4.350829	0.384051
4.351829	0.383854
4.352829	0.383645
4.353829	0.383426
4.354829	0.383194
4.355829	0.382951
4.356829	0.382695
4.357829	0.382427
4.358829	0.382146
4.359829	0.381852
4.360829	0.381545
4.361829	0.381225
4.362829	0.380891
4.363829	0.380543
4.364829	0.380181
4.365829	0.379805
4.366829	0.379415
4.367829	0.379009
4.368829	0.378589
4.369829	0.378154
4.370829	0.377703
4.371829	0.377237
4.372829	0.376755
4.373829	0.376257
4.374829	0.375743
4.375829	0.375213
4.376829	0.374666
4.377829	0.374103
4.378829	0.373523
4.379829	0.372926
4.380829	0.372312
4.381829	0.371681
4.382829	0.371032
4.383829	0.370366
4.384829	0.369682
4.385829	0.368980
4.386829	0.368261
4.387829	0.367523
4.388829	0.366767
4.389829	0.365992
4.390829	0.365200
4.391829	0.364388
4.392829	0.363558
4.393829	0.362709
4.394829	0.361842
4.395829	0.360955
4.396829	0.360050
4.397829	0.359125
4.398829	0.358181
4.399829	0.357218
4.400829	0.356236
4.401829	0.355234
4.402829	0.354213
4.403829	0.353173
4.404829	0.352113
4.405829	0.351034
4.406829	0.349935
4.407829	0.348817
4.408829	0.347679
4.409829	0.346522
4.410829	0.345345
4.411829	0.344148
4.412829	0.342933
4.413829	0.341697
4.414829	0.340443
4.415829	0.339169
4.416829	0.337875
4.417829	0.336562
4.418829	0.335231
4.419829	0.333880
4.420829	0.332509
4.421829	0.331120
4.422829	0.329712
4.423829	0.328285
4.424829	0.326840
4.425829	0.325376
4.426829	0.323893
4.427829	0.322392
4.428829	0.320873
4.429829	0.319335
4.430829	0.317780
4.431829	0.316207
4.432829	0.314617
4.433829	0.313009
4.434829	0.311383
4.435829	0.309741
4.436829	0.308082
4.437829	0.306406
4.438829	0.304713
4.439829	0.303005
4.440829	0.301280
4.441829	0.299539
4.442829	0.297782
4.443829	0.296011
4.444829	0.294223
4.445829	0.292421
4.446829	0.290605
4.447829	0.288773
4.448829	0.286928
4.449829	0.285069
4.450829	0.283195
4.451829	0.281309
4.452829	0.279409
4.453829	0.277497
4.454829	0.275572
4.455829	0.273634
4.456829	0.271685
4.457829	0.269723
4.458829	0.267751
4.459829	0.265767
4.460829	0.263773
4.461829	0.261768
4.462829	0.259752
4.463829	0.257727
4.464829	0.255693
4.465829	0.253649
4.466829	0.251596
4.467829	0.249535
4.468829	0.247465
4.469829	0.245388
4.470829	0.243303
4.471829	0.241210
4.472829	0.239111
4.473829	0.237006
4.474829	0.234894
4.475829	0.232777
4.476829	0.230654
4.477829	0.228525
4.478829	0.226393
4.479829	0.224255
4.480829	0.222114
4.481829	0.219969
4.482829	0.217821
4.483829	0.215670
4.484829	0.213517
4.485829	0.211361
4.486829	0.209204
4.487829	0.207045
4.488829	0.204885
4.489829	0.202724
4.490829	0.200564
4.491829	0.198403
4.492829	0.196243
4.493829	0.194083
4.494829	0.191925
4.495829	0.189769
4.496829	0.187614
4.497829	0.185462
4.498829	0.183313
4.499829	0.181167
4.500829	0.179024
4.501829	0.176886
4.502829	0.174751
4.503829	0.172622
4.504829	0.170497
4.505829	0.168378
4.506829	0.166265
4.507829	0.164158
4.508829	0.162057
4.509829	0.159964
4.510829	0.157878
4.511829	0.155799
4.512829	0.153729
4.513829	0.151667
4.514829	0.149615
4.515829	0.147571
4.516829	0.145537
4.517829	0.143513
4.518829	0.141499
4.519829	0.139496
4.520829	0.137504
4.521829	0.135523
4.522829	0.133554
4.523829	0.131598
4.524829	0.129654
4.525829	0.127722
4.526829	0.125804
4.527829	0.123900
4.528829	0.122009
4.529829	0.120132
4.530829	0.118270
4.531829	0.116423
4.532829	0.114591
4.533829	0.112775
4.534829	0.110975
4.535829	0.109191
4.536829	0.107423
4.537829	0.105672
4.538829	0.103938
4.539829	0.102222
4.540829	0.100524
4.541829	0.098843
4.542829	0.097181
4.543829	0.095538
4.544829	0.093913
4.545829	0.092308
4.546829	0.090722
4.547829	0.089156
4.548829	0.087610
4.549829	0.086085
4.550829	0.084580
4.551829	0.083095
4.552829	0.081632
4.553829	0.080190
4.554829	0.078770
4.555829	0.077371
4.556829	0.075994
4.557829	0.074640
4.558829	0.073308
4.559829	0.071999
4.560829	0.070712
4.561829	0.069449
4.562829	0.068209
4.563829	0.066992
4.564829	0.065799
4.565829	0.064630
4.566829	0.063484
4.567829	0.062363
4.568829	0.061266
4.569829	0.060193
4.570829	0.059145
4.571829	0.058122
4.572829	0.057124
4.573829	0.056150
4.574829	0.055202
4.575829	0.054279
4.576829	0.053380
4.577829	0.052508
4.578829	0.051661
4.579829	0.050839
4.580829	0.050043
4.581829	0.049272
4.582829	0.048527
4.583829	0.047808
4.584829	0.047115
4.585829	0.046447
4.586829	0.045806
4.587829	0.045190
4.588829	0.044600
4.589829	0.044036
4.590829	0.043497
4.591829	0.042985
4.592829	0.042498
4.593829	0.042036
4.594829	0.041601
4.595829	0.041191
4.596829	0.040807
4.597829	0.040448
4.598829	0.040114
4.599829	0.039806
4.600829	0.039522
4.601829	0.039264
4.602829	0.039031
4.603829	0.038822
4.604829	0.038639
4.605829	0.038479
4.606829	0.038344
4.607829	0.038233
4.608829	0.038147
4.609829	0.038084
4.610829	0.038045
4.611829	0.038029
4.612829	0.038036
4.613829	0.038067
4.614829	0.038120
4.615829	0.038196
4.616829	0.038295
4.617829	0.038415
4.618829	0.038558
4.619829	0.038722
4.620829	0.038908
4.621829	0.039115
4.622829	0.039342
4.623829	0.039591
4.624829	0.039859
4.625829	0.040148
4.626829	0.040457
4.627829	0.040785
4.628829	0.041132
4.629829	0.041498
4.630829	0.041883
4.631829	0.042286
4.632829	0.042707
4.633829	0.043146
4.634829	0.043602
4.635829	0.044074
4.636829	0.044564
4.637829	0.045070
4.638829	0.045591
4.639829	0.046128
4.640829	0.046681
4.641829	0.047248
4.642829	0.047830
4.643829	0.048425
4.644829	0.049035
4.645829	0.049658
4.646829	0.050294
4.647829	0.050942
4.648829	0.051603
4.649829	0.052275
4.650829	0.052959
4.651829	0.053654
4.652829	0.054360
4.653829	0.055075
4.654829	0.055801
4.655829	0.056536
4.656829	0.057280
4.657829	0.058032
4.658829	0.058793
4.659829	0.059562
4.660829	0.060337
4.661829	0.061120
4.662829	0.061909
4.663829	0.062705
4.664829	0.063506
4.665829	0.064312
4.666829	0.065123
4.667829	0.065938
4.668829	0.066757
4.669829	0.067580
4.670829	0.068405
4.671829	0.069234
4.672829	0.070064
4.673829	0.070896
4.674829	0.071730
4.675829	0.072564
4.676829	0.073399
4.677829	0.074234
4.678829	0.075068
4.679829	0.075902
4.680829	0.076734
4.681829	0.077565
4.682829	0.078393
4.683829	0.079219
4.684829	0.080041
4.685829	0.080860
4.686829	0.081675
4.687829	0.082486
4.688829	0.083292
4.689829	0.084093
4.690829	0.084888
4.691829	0.085677
4.692829	0.086459
4.693829	0.087235
4.694829	0.088003
4.695829	0.088763
4.696829	0.089515
4.697829	0.090259
4.698829	0.090993
4.699829	0.091718
4.700829	0.092433
4.701829	0.093138
4.702829	0.093832
4.703829	0.094515
4.704829	0.095186
4.705829	0.095846
4.706829	0.096493
4.707829	0.097128
4.708829	0.097749
4.709829	0.098357
4.710829	0.098951
4.711829	0.099531
4.712829	0.100097
4.713829	0.100647
4.714829	0.101182
4.715829	0.101701
4.716829	0.102204
4.717829	0.102691
4.718829	0.103161
4.719829	0.103613
4.720829	0.104049
4.721829	0.104466
4.722829	0.104865
4.723829	0.105246
4.724829	0.105608
4.725829	0.105951
4.726829	0.106274
4.727829	0.106578
4.728829	0.106861
4.729829	0.107124
4.730829	0.107367
4.731829	0.107588
4.732829	0.107788
4.733829	0.107967
4.734829	0.108124
4.735829	0.108259
4.736829	0.108371
4.737829	0.108461
4.738829	0.108528
4.739829	0.108572
4.740829	0.108593
4.741829	0.108591
4.742829	0.108564
4.743829	0.108514
4.744829	0.108439
4.745829	0.108340
4.746829	0.108217
4.747829	0.108069
4.748829	0.107896
4.749829	0.107698
4.750829	0.107474
4.751829	0.107226
4.752829	0.106952
4.753829	0.106652
4.754829	0.106326
4.755829	0.105974
4.756829	0.105597
4.757829	0.105193
4.758829	0.104763
4.759829	0.104307
4.760829	0.103824
4.761829	0.103315
4.762829	0.102779
4.763829	0.102217
4.764829	0.101628
4.765829	0.101012
4.766829	0.100370
4.767829	0.099701
4.768829	0.099005
4.769829	0.098283
4.770829	0.097534
4.771829	0.096758
4.772829	0.095956
4.773829	0.095127
4.774829	0.094272
4.775829	0.093390
4.776829	0.092481
4.777829	0.091546
4.778829	0.090585
4.779829	0.089598
4.780829	0.088585
4.781829	0.087546
4.782829	0.086481
4.783829	0.085390
4.784829	0.084273
4.785829	0.083131
4.786829	0.081964
4.787829	0.080771
4.788829	0.079554
4.789829	0.078311
4.790829	0.077044
4.791829	0.075752
4.792829	0.074436
4.793829	0.073096
4.794829	0.071732
4.795829	0.070344
4.796829	0.068932
4.797829	0.067497
4.798829	0.066039
4.799829	0.064558
4.800829	0.063054
4.801829	0.061528
4.802829	0.059980
4.803829	0.058410
4.804829	0.056818
4.805829	0.055205
4.806829	0.053571
4.807829	0.051915
4.808829	0.050239
4.809829	0.048543
4.810829	0.046827
4.811829	0.045091
4.812829	0.043336
4.813829	0.041561
4.814829	0.039768
4.815829	0.037956
4.816829	0.036126
4.817829	0.034278
4.818829	0.032412
4.819829	0.030529
4.820829	0.028629
4.821829	0.026713
4.822829	0.024780
4.823829	0.022832
4.824829	0.020867
4.825829	0.018888
4.826829	0.016894
4.827829	0.014885
4.828829	0.012862
4.829829	0.010825
4.830829	0.008775
4.831829	0.006712
4.832829	0.004636
4.833829	0.002548
4.834829	0.000448
4.835829	-0.001664
4.836829	-0.003787
4.837829	-0.005921
4.838829	-0.008065
4.839829	-0.010220
4.840829	-0.012384
4.841829	-0.014557
4.842829	-0.016739
4.843829	-0.018930
4.844829	-0.021129
4.845829	-0.023335
4.846829	-0.025549
4.847829	-0.027770
4.848829	-0.029997
4.849829	-0.032231
4.850829	-0.034470
4.851829	-0.036715
4.852829	-0.038964
4.853829	-0.041218
4.854829	-0.043476
4.855829	-0.045738
4.856829	-0.048004
4.857829	-0.050272
4.858829	-0.052543
4.859829	-0.054815
4.860829	-0.057090
4.861829	-0.059366
4.862829	-0.061643
4.863829	-0.063920
4.864829	-0.066197
4.865829	-0.068475
4.866829	-0.070751
4.867829	-0.073026
4.868829	-0.075300
4.869829	-0.077572
4.870829	-0.079842
4.871829	-0.082109
4.872829	-0.084373
4.873829	-0.086634
4.874829	-0.088891
4.875829	-0.091144
4.876829	-0.093392
4.877829	-0.095635
4.878829	-0.097872
4.879829	-0.100104
4.880829	-0.102330
4.881829	-0.104549
4.882829	-0.106762
4.883829	-0.108967
4.884829	-0.111164
4.885829	-0.113354
4.886829	-0.115535
4.887829	-0.117708
4.888829	-0.119871
4.889829	-0.122026
4.890829	-0.124170
4.891829	-0.126304
4.892829	-0.128428
4.893829	-0.130541
4.894829	-0.132643
4.895829	-0.134733
4.896829	-0.136812
4.897829	-0.138878
4.898829	-0.140932
4.899829	-0.142974
4.900829	-0.145002
4.901829	-0.147017
4.902829	-0.149018
4.903829	-0.151005
4.904829	-0.152978
4.905829	-0.154937
4.906829	-0.156880
4.907829	-0.158809
4.908829	-0.160722
4.909829	-0.162619
4.910829	-0.164501
4.911829	-0.166366
4.912829	-0.168215
4.913829	-0.170047
4.914829	-0.171862
4.915829	-0.173660
4.916829	-0.175440
4.917829	-0.177203
4.918829	-0.178948
4.919829	-0.180675
4.920829	-0.182384
4.921829	-0.184074
4.922829	-0.185746
4.923829	-0.187398
4.924829	-0.189032
4.925829	-0.190646
4.926829	-0.192241
4.927829	-0.193816
4.928829	-0.195372
4.929829	-0.196908
4.930829	-0.198424
4.931829	-0.199919
4.932829	-0.201395
4.933829	-0.202850
4.934829	-0.204284
4.935829	-0.205698
4.936829	-0.207091
4.937829	-0.208464
4.938829	-0.209816
4.939829	-0.211146
4.940829	-0.212456
4.941829	-0.213745
4.942829	-0.215012
4.943829	-0.216259
4.944829	-0.217484
4.945829	-0.218688
4.946829	-0.219871
4.947829	-0.221032
4.948829	-0.222173
4.949829	-0.223292
4.950829	-0.224390
4.951829	-0.225466
4.952829	-0.226522
4.953829	-0.227556
4.954829	-0.228569
4.955829	-0.229562
4.956829	-0.230533
4.957829	-0.231483
4.958829	-0.232412
4.959829	-0.233320
4.960829	-0.234208
4.961829	-0.235075
4.962829	-0.235921
4.963829	-0.236746
4.964829	-0.237552
4.965829	-0.238336
4.966829	-0.239101
4.967829	-0.239845
4.968829	-0.240570
4.969829	-0.241275
4.970829	-0.241959
4.971829	-0.242624
4.972829	-0.243270
4.973829	-0.243896
4.974829	-0.244504
4.975829	-0.245092
4.976829	-0.245661
4.977829	-0.246211
4.978829	-0.246743
4.979829	-0.247257
4.980829	-0.247752
4.981829	-0.248229
4.982829	-0.248688
4.983829	-0.249130
4.984829	-0.249554
4.985829	-0.249961
4.986829	-0.250350
4.987829	-0.250723
4.988829	-0.251079
4.989829	-0.251419
4.990829	-0.251742
4.991829	-0.252049
4.992829	-0.252341
4.993829	-0.252616
4.994829	-0.252877
4.995829	-0.253122
4.996829	-0.253352
4.997829	-0.253568
4.998829	-0.253769
4.999829	-0.253956
5.000829	-0.254129
5.001829	-0.254288
5.002829	-0.254433
5.003829	-0.254566
5.004829	-0.254685
5.005829	-0.254792
5.006829	-0.254886
5.007829	-0.254968
5.008829	-0.255038
5.009829	-0.255096
5.010829	-0.255143
5.011829	-0.255179
5.012829	-0.255203
5.013829	-0.255217
5.014829	-0.255221
5.015829	-0.255215
5.016829	-0.255198
5.017829	-0.255173
5.018829	-0.255138
5.019829	-0.255094
5.020829	-0.255041
5.021829	-0.254980
5.022829	-0.254910
5.023829	-0.254833
5.024829	-0.254748
5.025829	-0.254656
5.026829	-0.254556
5.027829	-0.254450
5.028829	-0.254338
5.029829	-0.254219
5.030829	-0.254094
5.031829	-0.253964
5.032829	-0.253828
5.033829	-0.253688
5.034829	-0.253542
5.035829	-0.253392
5.036829	-0.253238
5.037829	-0.253079
5.038829	-0.252917
5.039829	-0.252752
5.040829	-0.252584
5.041829	-0.252412
5.042829	-0.252239
5.043829	-0.252062
5.044829	-0.251884
5.045829	-0.251704
5.046829	-0.251523
5.047829	-0.251340
5.048829	-0.251157
5.049829	-0.250973
5.050829	-0.250788
5.051829	-0.250603
5.052829	-0.250419
5.053829	-0.250235
5.054829	-0.250051
5.055829	-0.249868
5.056829	-0.249687
5.057829	-0.249507
5.058829	-0.249329
5.059829	-0.249152
5.060829	-0.248978
5.061829	-0.248806
5.062829	-0.248637
5.063829	-0.248470
5.064829	-0.248307
5.065829	-0.248147
5.066829	-0.247991
5.067829	-0.247839
5.068829	-0.247690
5.069829	-0.247546
5.070829	-0.247406
5.071829	-0.247271
5.072829	-0.247141
5.073829	-0.247016
5.074829	-0.246896
5.075829	-0.246782
5.076829	-0.246674
5.077829	-0.246571
5.078829	-0.246475
5.079829	-0.246384
5.080829	-0.246301
5.081829	-0.246223
5.082829	-0.246153
5.083829	-0.246090
5.084829	-0.246033
5.085829	-0.245984
5.086829	-0.245943
5.087829	-0.245909
5.088829	-0.245883
5.089829	-0.245864
5.090829	-0.245854
5.091829	-0.245852
5.092829	-0.245858
5.093829	-0.245872
5.094829	-0.245895
5.095829	-0.245927
5.096829	-0.245967
5.097829	-0.246016
5.098829	-0.246074
5.099829	-0.246141
5.100829	-0.246217
5.101829	-0.246302
5.102829	-0.246397
5.103829	-0.246500
5.104829	-0.246613
5.105829	-0.246736
5.106829	-0.246868
5.107829	-0.247009
5.108829	-0.247160
5.109829	-0.247320
5.110829	-0.247490
5.111829	-0.247670
5.112829	-0.247859
5.113829	-0.248057
5.114829	-0.248265
5.115829	-0.248483
5.116829	-0.248710
5.117829	-0.248947
5.118829	-0.249193
5.119829	-0.249449
5.120829	-0.249714
5.121829	-0.249988
5.122829	-0.250272
5.123829	-0.250565
5.124829	-0.250867
5.125829	-0.251179
5.126829	-0.251499
5.127829	-0.251829
5.128829	-0.252167
5.129829	-0.252514
5.130829	-0.252870
5.131829	-0.253234
5.132829	-0.253607
5.133829	-0.253988
5.134829	-0.254378
5.135829	-0.254776
5.136829	-0.255182
5.137829	-0.255595
5.138829	-0.256017
5.139829	-0.256446
5.140829	-0.256883
5.141829	-0.257327
5.142829	-0.257779
5.143829	-0.258237
5.144829	-0.258703
5.145829	-0.259175
5.146829	-0.259654
5.147829	-0.260140
5.148829	-0.260632
5.149829	-0.261129
5.150829	-0.261633
5.151829	-0.262143
5.152829	-0.262658
5.153829	-0.263179
5.154829	-0.263705
5.155829	-0.264235
5.156829	-0.264771
5.157829	-0.265311
5.158829	-0.265856
5.159829	-0.266405
5.160829	-0.266958
5.161829	-0.267515
5.162829	-0.268076
5.163829	-0.268640
5.164829	-0.269207
5.165829	-0.269777
5.166829	-0.270350
5.167829	-0.270926
5.168829	-0.271503
5.169829	-0.272083
5.170829	-0.272665
5.171829	-0.273248
5.172829	-0.273833
5.173829	-0.274419
5.174829	-0.275005
5.175829	-0.275593
5.176829	-0.276181
5.177829	-0.276769
5.178829	-0.277357
5.179829	-0.277945
5.180829	-0.278532
5.181829	-0.279119
5.182829	-0.279705
5.183829	-0.280289
5.184829	-0.280872
5.185829	-0.281453
5.186829	-0.282032
5.187829	-0.282609
5.188829	-0.283183
5.189829	-0.283755
5.190829	-0.284323
5.191829	-0.284889
5.192829	-0.285450
5.193829	-0.286009
5.194829	-0.286563
5.195829	-0.287112
5.196829	-0.287658
5.197829	-0.288198
5.198829	-0.288734
5.199829	-0.289264
5.200829	-0.289789
5.201829	-0.290307
5.202829	-0.290820
5.203829	-0.291327
5.204829	-0.291827
5.205829	-0.292320
5.206829	-0.292806
5.207829	-0.293285
5.208829	-0.293756
5.209829	-0.294220
5.210829	-0.294675
5.211829	-0.295123
5.212829	-0.295561
5.213829	-0.295991
5.214829	-0.296412
5.215829	-0.296824
5.216829	-0.297226
5.217829	-0.297618
5.218829	-0.298001
5.219829	-0.298373
5.220829	-0.298735
5.221829	-0.299086
5.222829	-0.299426
5.223829	-0.299755
5.224829	-0.300073
5.225829	-0.300379
5.226829	-0.300674
5.227829	-0.300956
5.228829	-0.301226
5.229829	-0.301484
5.230829	-0.301729
5.231829	-0.301961
5.232829	-0.302180
5.233829	-0.302386
5.234829	-0.302578
5.235829	-0.302756
5.236829	-0.302921
5.237829	-0.303072
5.238829	-0.303208
5.239829	-0.303330
5.240829	-0.303437
5.241829	-0.303529
5.242829	-0.303607
5.243829	-0.303669
5.244829	-0.303715
5.245829	-0.303747
5.246829	-0.303762
5.247829	-0.303762
5.248829	-0.303746
5.249829	-0.303713
5.250829	-0.303664
5.251829	-0.303599
5.252829	-0.303517
5.253829	-0.303419
5.254829	-0.303303
5.255829	-0.303171
5.256829	-0.303021
5.257829	-0.302855
5.258829	-0.302670
5.259829	-0.302469
5.260829	-0.302250
5.261829	-0.302013
5.262829	-0.301758
5.263829	-0.301485
5.264829	-0.301195
5.265829	-0.300886
5.266829	-0.300560
5.267829	-0.300215
5.268829	-0.299851
5.269829	-0.299470
5.270829	-0.299070
5.271829	-0.298652
5.272829	-0.298215
5.273829	-0.297760
5.274829	-0.297286
5.275829	-0.296793
5.276829	-0.296282
5.277829	-0.295752
5.278829	-0.295204
5.279829	-0.294637
5.280829	-0.294051
5.281829	-0.293447
5.282829	-0.292824
5.283829	-0.292182
5.284829	-0.291522
5.285829	-0.290844
5.286829	-0.290146
5.287829	-0.289431
5.288829	-0.288697
5.289829	-0.287944
5.290829	-0.287174
5.291829	-0.286385
5.292829	-0.285579
5.293829	-0.284754
5.294829	-0.283912
5.295829	-0.283052
5.296829	-0.282175
5.297829	-0.281280
5.298829	-0.280368
5.299829	-0.279440
5.300829	-0.278495
5.301829	-0.277533
5.302829	-0.276555
5.303829	-0.275562
5.304829	-0.274552
5.305829	-0.273528
5.306829	-0.272489
5.307829	-0.271435
5.308829	-0.270366
5.309829	-0.269284
5.310829	-0.268188
5.311829	-0.267080
5.312829	-0.265958
5.313829	-0.264825
5.314829	-0.263680
5.315829	-0.262524
5.316829	-0.261357
5.317829	-0.260180
5.318829	-0.258994
5.319829	-0.257798
5.320829	-0.256595
5.321829	-0.255384
5.322829	-0.254166
5.323829	-0.252942
5.324829	-0.251713
5.325829	-0.250479
5.326829	-0.249241
5.327829	-0.248000
5.328829	-0.246756
5.329829	-0.245512
5.330829	-0.244267
5.331829	-0.243022
5.332829	-0.241779
5.333829	-0.240539
5.334829	-0.239302
5.335829	-0.238069
5.336829	-0.236842
5.337829	-0.235622
5.338829	-0.234410
5.339829	-0.233207
5.340829	-0.232015
5.341829	-0.230834
5.342829	-0.229666
5.343829	-0.228513
5.344829	-0.227375
5.345829	-0.226254
5.346829	-0.225151
5.347829	-0.224069
5.348829	-0.223008
5.349829	-0.221971
5.350829	-0.220958
5.351829	-0.219971
5.352829	-0.219012
5.353829	-0.218083
5.354829	-0.217186
5.355829	-0.216322
5.356829	-0.215493
5.357829	-0.214701
5.358829	-0.213948
5.359829	-0.213235
5.360829	-0.212566
5.361829	-0.211942
5.362829	-0.211365
5.363829	-0.210837
5.364829	-0.210361
5.365829	-0.209939
5.366829	-0.209572
5.367829	-0.209264
5.368829	-0.209016
5.369829	-0.208832
5.370829	-0.208713
5.371829	-0.208663
5.372829	-0.208683
5.373829	-0.208777
5.374829	-0.208947
5.375829	-0.209195
5.376829	-0.209526
5.377829	-0.209940
5.378829	-0.210442
5.379829	-0.211034
5.380829	-0.211720
5.381829	-0.212501
5.382829	-0.213382
5.383829	-0.214366
5.384829	-0.215456
5.385829	-0.216654
5.386829	-0.217965
5.387829	-0.219391
5.388829	-0.220937
5.389829	-0.222606
5.390829	-0.224400
5.391829	-0.226325
5.392829	-0.228383
5.393829	-0.230578
5.394829	-0.232914
5.395829	-0.235396
5.396829	-0.238026
5.397829	-0.240808
5.398829	-0.243748
5.399829	-0.246848
5.400829	-0.250114
5.401829	-0.253548
5.402829	-0.257157
5.403829	-0.260943
5.404829	-0.264911
5.405829	-0.269067
5.406829	-0.273413
5.407829	-0.277956
5.408829	-0.282699
5.409829	-0.287648
5.410829	-0.292807
5.411829	-0.298181
5.412829	-0.303775
5.413829	-0.309593
5.414829	-0.315643
5.415829	-0.321927
5.416829	-0.328452
5.417829	-0.335223
5.418829	-0.342244
5.419829	-0.349523
5.420829	-0.357064
5.421829	-0.364872
5.422829	-0.372954
5.423829	-0.381314
5.424829	-0.389960
5.425829	-0.398897
5.426829	-0.408130
5.427829	-0.417666
5.428829	-0.427511
5.429829	-0.437671
5.430829	-0.448152
5.431829	-0.458961
5.432829	-0.470104
5.433829	-0.481588
5.434829	-0.493418
5.435829	-0.505603
5.436829	-0.518148
5.437829	-0.531060
5.438829	-0.544347
5.439829	-0.558015
5.440829	-0.572071
5.441829	-0.586522
5.442829	-0.601376
5.443829	-0.616640
5.444829	-0.632322
5.445829	-0.648428
5.446829	-0.664966
5.447829	-0.681944
5.448829	-0.699371
5.449829	-0.717252
