137.533431
105.854007
-78.839527
216.951703
-52.015983
-1.771716
27.722979
-0.358897
19.738035
-5.763909
12.802710
-3.265829
5.712226
-0.970910
4.573135
-1.904381
4.176658
-0.534765
3.280204
1.105312
2.418614
1.488396
1.788983
2.524695
1.377932
2.946393
1.747978
2.041066
2.412413
2.044134
1.976180
2.084156
1.978705
1.864678
1.986505
1.692758
1.186045
2.269957
0.397704
1.992948
0.329054
2.062369
-0.222445
1.690529
-0.210703
1.577729
-0.228991
1.357853
0.256586
0.268487
133.122758
-319.476652
568.189275
-159.700720
80.740631
-3.859977
28.094886
2.715420
18.546729
2.699847
11.065838
3.446101
6.276772
4.926558
3.833966
3.958152
3.827364
3.198230
3.041357
2.662794
3.253722
2.442159
2.848545
2.516509
2.109421
2.970419
2.281238
2.283428
2.346623
2.183649
2.413867
1.437167
2.757573
1.004894
2.418360
1.171310
1.967368
1.068752
1.810722
0.582792
1.674195
0.794392
1.022157
0.948681
0.565565
1.191886
0.413318
0.553393
1.096497
0.275395
