0.764829	0.000000
0.765829	0.000000
0.766829	0.000000
0.767829	0.000000
0.768829	0.000000
0.769829	0.000000
0.770829	0.000000
0.771829	0.000000
0.772829	0.000000
0.773829	0.000000
0.774829	0.000000
0.775829	0.000000
0.776829	0.000000
0.777829	0.000000
0.778829	0.000000
0.779829	0.000000
0.780829	0.000000
0.781829	0.000000
0.782829	0.000000
0.783829	0.000000
0.784829	0.000000
0.785829	0.000000
0.786829	0.000000
0.787829	0.000000
0.788829	0.000000
0.789829	0.000000
0.790829	0.000000
0.791829	0.000000
0.792829	0.000000
0.793829	0.000000
0.794829	0.000000
0.795829	0.000000
0.796829	0.000000
0.797829	0.000000
0.798829	0.000000
0.799829	0.000000
0.800829	0.000000
0.801829	0.000000
0.802829	0.000000
0.803829	0.000000
0.804829	0.000000
0.805829	0.000000
0.806829	0.000000
0.807829	0.000000
0.808829	0.000000
0.809829	0.000000
0.810829	0.000000
0.811829	0.000000
0.812829	0.000000
0.813829	0.000000
0.814829	0.000000
0.815829	0.000000
0.816829	0.000000
0.817829	0.000000
0.818829	0.000000
0.819829	0.000000
0.820829	0.000000
0.821829	0.000000
0.822829	0.000000
0.823829	0.000000
0.824829	0.000000
0.825829	0.000000
0.826829	0.000000
0.827829	0.000000
0.828829	0.000000
0.829829	0.000000
0.830829	0.000000
0.831829	0.000000
0.832829	0.000000
0.833829	0.000000
0.834829	0.000000
0.835829	0.000000
0.836829	0.000000
0.837829	0.000000
0.838829	0.000000
0.839829	0.000000
0.840829	0.000000
0.841829	0.000000
0.842829	0.000000
0.843829	0.000000
0.844829	0.000000
0.845829	0.000000
0.846829	0.000000
0.847829	0.000000
0.848829	0.000000
0.849829	0.000000
0.850829	0.000000
0.851829	0.000000
0.852829	0.000000
0.853829	0.000000
0.854829	0.000000
0.855829	0.000000
0.856829	0.000000
0.857829	0.000000
0.858829	0.000000
0.859829	0.000000
0.860829	0.000000
0.861829	0.000000
0.862829	0.000000
0.863829	0.000000
0.864829	0.000000
0.865829	0.000000
0.866829	0.000000
0.867829	0.000000
0.868829	0.000000
0.869829	0.000000
0.870829	0.000000
0.871829	0.000000
0.872829	0.000000
0.873829	0.000000
0.874829	0.000000
0.875829	0.000000
0.876829	0.000000
0.877829	0.000000
0.878829	0.000000
0.879829	0.000000
0.880829	0.000000
0.881829	0.000000
0.882829	0.000000
0.883829	0.000000
0.884829	0.000000
0.885829	0.000000
0.886829	0.000000
0.887829	0.000000
0.888829	0.000000
0.889829	0.000000
0.890829	0.000000
0.891829	0.000000
0.892829	0.000000
0.893829	0.000000
0.894829	0.000000
0.895829	0.000000
0.896829	0.000000
0.897829	0.000000
0.898829	0.000000
0.899829	0.000000
0.900829	0.000000
0.901829	0.000000
0.902829	0.000000
0.903829	0.000000
0.904829	0.000000
0.905829	0.000000
0.906829	0.000000
0.907829	0.000000
0.908829	0.000000
0.909829	0.000000
0.910829	0.000000
0.911829	0.000000
0.912829	0.000000
0.913829	0.000000
0.914829	0.000000
0.915829	0.000000
0.916829	0.000000
0.917829	0.000000
0.918829	0.000000
0.919829	0.000000
0.920829	0.000000
0.921829	0.000000
0.922829	0.000000
0.923829	0.000000
0.924829	0.000000
0.925829	0.000000
0.926829	0.000000
0.927829	0.000000
0.928829	0.000000
0.929829	0.000000
0.930829	0.000000
0.931829	0.000000
0.932829	0.000000
0.933829	0.000000
0.934829	0.000000
0.935829	0.000000
0.936829	0.000000
0.937829	0.000000
0.938829	0.000000
0.939829	0.000000
0.940829	0.000000
0.941829	0.000000
0.942829	0.000000
0.943829	0.000000
0.944829	0.000000
0.945829	0.000000
0.946829	0.000000
0.947829	0.000000
0.948829	0.000000
0.949829	0.000000
0.950829	0.000000
0.951829	0.000000
0.952829	0.000000
0.953829	0.000000
0.954829	0.000000
0.955829	0.000000
0.956829	0.000000
0.957829	0.000000
0.958829	0.000000
0.959829	0.000000
0.960829	0.000000
0.961829	0.000000
0.962829	0.000000
0.963829	0.000000
0.964829	0.000000
0.965829	0.000000
0.966829	0.000000
0.967829	0.000000
0.968829	0.000000
0.969829	0.000000
0.970829	0.000000
0.971829	0.000000
0.972829	0.000000
0.973829	0.000000
0.974829	0.000000
0.975829	0.000000
0.976829	0.000000
0.977829	0.000000
0.978829	0.000000
0.979829	0.000000
0.980829	0.000000
0.981829	0.000000
0.982829	0.000000
0.983829	0.000000
0.984829	0.000000
0.985829	0.000000
0.986829	0.000000
0.987829	0.000000
0.988829	0.000000
0.989829	0.000000
0.990829	0.000000
0.991829	0.000000
0.992829	0.000000
0.993829	0.000000
0.994829	0.000000
0.995829	0.000000
0.996829	0.000000
0.997829	0.000000
0.998829	0.000000
0.999829	0.000000
1.000829	0.000000
1.001829	0.000000
1.002829	0.000000
1.003829	0.000000
1.004829	0.000000
1.005829	0.000000
1.006829	0.000000
1.007829	0.000000
1.008829	0.000000
1.009829	0.000000
1.010829	0.000000
1.011829	0.000000
1.012829	0.000000
1.013829	0.000000
1.014829	0.000000
1.015829	0.000000
1.016829	0.000000
1.017829	0.000000
1.018829	0.000000
1.019829	0.000000
1.020829	0.000000
1.021829	0.000000
1.022829	0.000000
1.023829	0.000000
1.024829	0.000000
1.025829	0.000000
1.026829	0.000000
1.027829	0.000000
1.028829	0.000000
1.029829	0.000000
1.030829	0.000000
1.031829	0.000000
1.032829	0.000000
1.033829	0.000000
1.034829	0.000000
1.035829	0.000000
1.036829	0.000000
1.037829	0.000000
1.038829	0.000000
1.039829	0.000000
1.040829	0.000000
1.041829	0.000000
1.042829	0.000000
1.043829	0.000000
1.044829	0.000000
1.045829	0.000000
1.046829	0.000000
1.047829	0.000000
1.048829	0.000000
1.049829	0.000000
1.050829	0.000000
1.051829	0.000000
1.052829	0.000000
1.053829	0.000000
1.054829	0.000000
1.055829	0.000000
1.056829	0.000000
1.057829	0.000000
1.058829	0.000000
1.059829	0.000000
1.060829	0.000000
1.061829	0.000000
1.062829	0.000000
1.063829	0.000000
1.064829	0.000000
1.065829	0.000000
1.066829	0.000000
1.067829	0.000000
1.068829	0.000000
1.069829	0.000000
1.070829	0.000000
1.071829	0.000000
1.072829	0.000000
1.073829	0.000000
1.074829	0.000000
1.075829	0.000000
1.076829	0.000000
1.077829	0.000000
1.078829	0.000000
1.079829	0.000000
1.080829	0.000000
1.081829	0.000000
1.082829	0.000000
1.083829	0.000000
1.084829	0.000000
1.085829	0.000000
1.086829	0.000000
1.087829	0.000000
1.088829	0.000000
1.089829	0.000000
1.090829	0.000000
1.091829	0.000000
1.092829	0.000000
1.093829	0.000000
1.094829	0.000000
1.095829	0.000000
1.096829	0.000000
1.097829	0.000000
1.098829	0.000000
1.099829	0.000000
1.100829	0.000000
1.101829	0.000000
1.102829	0.000000
1.103829	0.000000
1.104829	0.000000
1.105829	0.000000
1.106829	0.000000
1.107829	0.000000
1.108829	0.000000
1.109829	0.000000
1.110829	0.000000
1.111829	0.000000
1.112829	0.000000
1.113829	0.000000
1.114829	0.000000
1.115829	0.000000
1.116829	0.000000
1.117829	0.000000
1.118829	0.000000
1.119829	0.000000
1.120829	0.000000
1.121829	0.000000
1.122829	0.000000
1.123829	0.000000
1.124829	0.000000
1.125829	0.000000
1.126829	0.000000
1.127829	0.000000
1.128829	0.000000
1.129829	0.000000
1.130829	0.000000
1.131829	0.000000
1.132829	0.000000
1.133829	0.000000
1.134829	0.000000
1.135829	0.000000
1.136829	0.000000
1.137829	0.000000
1.138829	0.000000
1.139829	0.000000
1.140829	0.000000
1.141829	0.000000
1.142829	0.000000
1.143829	0.000000
1.144829	0.000000
1.145829	0.000000
1.146829	0.000000
1.147829	0.000000
1.148829	0.000000
1.149829	0.000000
1.150829	0.000000
1.151829	0.000000
1.152829	0.000000
1.153829	0.000000
1.154829	0.000000
1.155829	0.000000
1.156829	0.000000
1.157829	0.000000
1.158829	0.000000
1.159829	0.000000
1.160829	0.000000
1.161829	0.000000
1.162829	0.000000
1.163829	0.000000
1.164829	0.000000
1.165829	0.000000
1.166829	0.000000
1.167829	0.000000
1.168829	0.000000
1.169829	0.000000
1.170829	0.000000
1.171829	0.000000
1.172829	0.000000
1.173829	0.000000
1.174829	0.000000
1.175829	0.000000
1.176829	0.000000
1.177829	0.000000
1.178829	0.000000
1.179829	0.000000
1.180829	0.000000
1.181829	0.000000
1.182829	0.000000
1.183829	0.000000
1.184829	0.000000
1.185829	0.000000
1.186829	0.000000
1.187829	0.000000
1.188829	0.000000
1.189829	0.000000
1.190829	0.000000
1.191829	0.000000
1.192829	0.000000
1.193829	0.000000
1.194829	0.000000
1.195829	0.000000
1.196829	0.000000
1.197829	0.000000
1.198829	0.000000
1.199829	0.000000
1.200829	0.000000
1.201829	0.000000
1.202829	0.000000
1.203829	0.000000
1.204829	0.000000
1.205829	0.000000
1.206829	0.000000
1.207829	0.000000
1.208829	0.000000
1.209829	0.000000
1.210829	0.000000
1.211829	0.000000
1.212829	0.000000
1.213829	0.000000
1.214829	0.000000
1.215829	0.000000
1.216829	0.000000
1.217829	0.000000
1.218829	0.000000
1.219829	0.000000
1.220829	0.000000
1.221829	0.000000
1.222829	0.000000
1.223829	0.000000
1.224829	0.000000
1.225829	0.000000
1.226829	0.000000
1.227829	0.000000
1.228829	0.000000
1.229829	0.000000
1.230829	0.000000
1.231829	0.000000
1.232829	0.000000
1.233829	0.000000
1.234829	0.000000
1.235829	0.000000
1.236829	0.000000
1.237829	0.000000
1.238829	0.000000
1.239829	0.000000
1.240829	0.000000
1.241829	0.000000
1.242829	0.000000
1.243829	0.000000
1.244829	0.000000
1.245829	0.000000
1.246829	0.000000
1.247829	0.000000
1.248829	0.000000
1.249829	0.000000
1.250829	0.000000
1.251829	0.000000
1.252829	0.000000
1.253829	0.000000
1.254829	0.000000
1.255829	0.000000
1.256829	0.000000
1.257829	0.000000
1.258829	0.000000
1.259829	0.000000
1.260829	0.000000
1.261829	0.000000
1.262829	0.000000
1.263829	0.000000
1.264829	0.000000
1.265829	0.000000
1.266829	0.000000
1.267829	0.000000
1.268829	0.000000
1.269829	0.000000
1.270829	0.000000
1.271829	0.000000
1.272829	0.000000
1.273829	0.000000
1.274829	0.000000
1.275829	0.000000
1.276829	0.000000
1.277829	0.000000
1.278829	0.000000
1.279829	0.000000
1.280829	0.000000
1.281829	0.000000
1.282829	0.000000
1.283829	0.000000
1.284829	0.000000
1.285829	0.000000
1.286829	0.000000
1.287829	0.000000
1.288829	0.000000
1.289829	0.000000
1.290829	0.000000
1.291829	0.000000
1.292829	0.000000
1.293829	0.000000
1.294829	0.000000
1.295829	0.000000
1.296829	0.000000
1.297829	0.000000
1.298829	0.000000
1.299829	0.000000
1.300829	0.000000
1.301829	0.000000
1.302829	0.000000
1.303829	0.000000
1.304829	0.000000
1.305829	0.000000
1.306829	0.000000
1.307829	0.000000
1.308829	0.000000
1.309829	0.000000
1.310829	0.000000
1.311829	0.000000
1.312829	0.000000
1.313829	0.000000
1.314829	0.000000
1.315829	0.000000
1.316829	0.000000
1.317829	0.000000
1.318829	0.000000
1.319829	0.000000
1.320829	0.000000
1.321829	0.000000
1.322829	0.000000
1.323829	0.000000
1.324829	0.000000
1.325829	0.000000
1.326829	0.000000
1.327829	0.000000
1.328829	0.000000
1.329829	0.000000
1.330829	0.000000
1.331829	0.000000
1.332829	0.000000
1.333829	0.000000
1.334829	0.000000
1.335829	0.000000
1.336829	0.000000
1.337829	0.000000
1.338829	0.000000
1.339829	0.000000
1.340829	0.000000
1.341829	0.000000
1.342829	0.000000
1.343829	0.000000
1.344829	0.000000
1.345829	0.000000
1.346829	0.000000
1.347829	0.000000
1.348829	0.000000
1.349829	0.000000
1.350829	0.000000
1.351829	0.000000
1.352829	0.000000
1.353829	0.000000
1.354829	0.000000
1.355829	0.000000
1.356829	0.000000
1.357829	0.000000
1.358829	0.000000
1.359829	0.000000
1.360829	0.000000
1.361829	0.000000
1.362829	0.000000
1.363829	0.000000
1.364829	0.000000
1.365829	0.000000
1.366829	0.000000
1.367829	0.000000
1.368829	0.000000
1.369829	0.000000
1.370829	0.000000
1.371829	0.000000
1.372829	0.000000
1.373829	0.000000
1.374829	0.000000
1.375829	0.000000
1.376829	0.000000
1.377829	0.000000
1.378829	0.000000
1.379829	0.000000
1.380829	0.000000
1.381829	0.000000
1.382829	0.000000
1.383829	0.000000
1.384829	0.000000
1.385829	0.000000
1.386829	0.000000
1.387829	0.000000
1.388829	0.000000
1.389829	0.000000
1.390829	0.000000
1.391829	0.000000
1.392829	0.000000
1.393829	0.000000
1.394829	0.000000
1.395829	0.000000
1.396829	0.000000
1.397829	0.000000
1.398829	0.000000
1.399829	0.000000
1.400829	0.000000
1.401829	0.000000
1.402829	0.000000
1.403829	0.000000
1.404829	0.000000
1.405829	0.000000
1.406829	0.000000
1.407829	0.000000
1.408829	0.000000
1.409829	0.000000
1.410829	0.000000
1.411829	0.000000
1.412829	0.000000
1.413829	0.000000
1.414829	0.000000
1.415829	0.000000
1.416829	0.000000
1.417829	0.000000
1.418829	0.000000
1.419829	0.000000
1.420829	0.000000
1.421829	0.000000
1.422829	0.000000
1.423829	0.000000
1.424829	0.000000
1.425829	0.000000
1.426829	0.000000
1.427829	0.000000
1.428829	0.000000
1.429829	0.000000
1.430829	0.000000
1.431829	0.000000
1.432829	0.000000
1.433829	0.000000
1.434829	0.000000
1.435829	0.000000
1.436829	0.000000
1.437829	0.000000
1.438829	0.000000
1.439829	0.000000
1.440829	0.000000
1.441829	0.000000
1.442829	0.000000
1.443829	0.000000
1.444829	0.000000
1.445829	0.000000
1.446829	0.000000
1.447829	0.000000
1.448829	0.000000
1.449829	0.000000
1.450829	0.000000
1.451829	0.000000
1.452829	0.000000
1.453829	0.000000
1.454829	0.000000
1.455829	0.000000
1.456829	0.000000
1.457829	0.000000
1.458829	0.000000
1.459829	0.000000
1.460829	0.000000
1.461829	0.000000
1.462829	0.000000
1.463829	0.000000
1.464829	0.000000
1.465829	0.000000
1.466829	0.000000
1.467829	0.000000
1.468829	0.000000
1.469829	0.000000
1.470829	0.000000
1.471829	0.000000
1.472829	0.000000
1.473829	0.000000
1.474829	0.000000
1.475829	0.000000
1.476829	0.000000
1.477829	0.000000
1.478829	0.000000
1.479829	0.000000
1.480829	0.000000
1.481829	0.000000
1.482829	0.000000
1.483829	0.000000
1.484829	0.000000
1.485829	0.000000
1.486829	0.000000
1.487829	0.000000
1.488829	0.000000
1.489829	0.000000
1.490829	0.000000
1.491829	0.000000
1.492829	0.000000
1.493829	0.000000
1.494829	0.000000
1.495829	0.000000
1.496829	0.000000
1.497829	0.000000
1.498829	0.000000
1.499829	0.000000
1.500829	0.000000
1.501829	0.000000
1.502829	0.000000
1.503829	0.000000
1.504829	0.000000
1.505829	0.000000
1.506829	0.000000
1.507829	0.000000
1.508829	0.000000
1.509829	0.000000
1.510829	0.000000
1.511829	0.000000
1.512829	0.000000
1.513829	0.000000
1.514829	0.000000
1.515829	0.000000
1.516829	0.000000
1.517829	0.000000
1.518829	0.000000
1.519829	0.000000
1.520829	0.000000
1.521829	0.000000
1.522829	0.000000
1.523829	0.000000
1.524829	0.000000
1.525829	0.000000
1.526829	0.000000
1.527829	0.000000
1.528829	0.000000
1.529829	0.000000
1.530829	0.000000
1.531829	0.000000
1.532829	0.000000
1.533829	0.000000
1.534829	0.000000
1.535829	0.000000
1.536829	0.000000
1.537829	0.000000
1.538829	0.000000
1.539829	0.000000
1.540829	0.000000
1.541829	0.000000
1.542829	0.000000
1.543829	0.000000
1.544829	0.000000
1.545829	0.000000
1.546829	0.000000
1.547829	0.000000
1.548829	0.000000
1.549829	0.000000
1.550829	0.000000
1.551829	0.000000
1.552829	0.000000
1.553829	0.000000
1.554829	0.000000
1.555829	0.000000
1.556829	0.000000
1.557829	0.000000
1.558829	0.000000
1.559829	0.000000
1.560829	0.000000
1.561829	0.000000
1.562829	0.000000
1.563829	0.000000
1.564829	0.000000
1.565829	0.000000
1.566829	0.000000
1.567829	0.000000
1.568829	0.000000
1.569829	0.000000
1.570829	0.000000
1.571829	0.000000
1.572829	0.000000
1.573829	0.000000
1.574829	0.000000
1.575829	0.000000
1.576829	0.000000
1.577829	0.000000
1.578829	0.000000
1.579829	0.000000
1.580829	0.000000
1.581829	0.000000
1.582829	0.000000
1.583829	0.000000
1.584829	0.000000
1.585829	0.000000
1.586829	0.000000
1.587829	0.000000
1.588829	0.000000
1.589829	0.000000
1.590829	0.000000
1.591829	0.000000
1.592829	0.000000
1.593829	0.000000
1.594829	0.000000
1.595829	0.000000
1.596829	0.000000
1.597829	0.000000
1.598829	0.000000
1.599829	0.000000
1.600829	0.000000
1.601829	0.000000
1.602829	0.000000
1.603829	0.000000
1.604829	0.000000
1.605829	0.000000
1.606829	0.000000
1.607829	0.000000
1.608829	0.000000
1.609829	0.000000
1.610829	0.000000
1.611829	0.000000
1.612829	0.000000
1.613829	0.000000
1.614829	0.000000
1.615829	0.000000
1.616829	0.000000
1.617829	0.000000
1.618829	0.000000
1.619829	0.000000
1.620829	0.000000
1.621829	0.000000
1.622829	0.000000
1.623829	0.000000
1.624829	0.000000
1.625829	0.000000
1.626829	0.000000
1.627829	0.000000
1.628829	0.000000
1.629829	0.000000
1.630829	0.000000
1.631829	0.000000
1.632829	0.000000
1.633829	0.000000
1.634829	0.000000
1.635829	0.000000
1.636829	0.000000
1.637829	0.000000
1.638829	0.000000
1.639829	0.000000
1.640829	0.000000
1.641829	0.000000
1.642829	0.000000
1.643829	0.000000
1.644829	0.000000
1.645829	0.000000
1.646829	0.000000
1.647829	0.000000
1.648829	0.000000
1.649829	0.000000
1.650829	0.000000
1.651829	0.000000
1.652829	0.000000
1.653829	-0.000000
1.654829	-0.000000
1.655829	-0.000000
1.656829	-0.000000
1.657829	-0.000000
1.658829	-0.000000
1.659829	-0.000000
1.660829	-0.000000
1.661829	-0.000000
1.662829	-0.000000
1.663829	-0.000000
1.664829	-0.000000
1.665829	-0.000000
1.666829	-0.000000
1.667829	-0.000001
1.668829	-0.000001
1.669829	-0.000001
1.670829	-0.000002
1.671829	-0.000002
1.672829	-0.000003
1.673829	-0.000004
1.674829	-0.000005
1.675829	-0.000006
1.676829	-0.000007
1.677829	-0.000009
1.678829	-0.000011
1.679829	-0.000013
1.680829	-0.000017
1.681829	-0.000022
1.682829	-0.000031
1.683829	-0.000046
1.684829	-0.000073
1.685829	-0.000118
1.686829	-0.000188
1.687829	-0.000295
1.688829	-0.000452
1.689829	-0.000676
1.690829	-0.000985
1.691829	-0.001404
1.692829	-0.001958
1.693829	-0.002680
1.694829	-0.003603
1.695829	-0.004770
1.696829	-0.006223
1.697829	-0.008016
1.698829	-0.010202
1.699829	-0.012845
1.700829	-0.016011
1.701829	-0.019777
1.702829	-0.024223
1.703829	-0.029438
1.704829	-0.035521
1.705829	-0.042579
1.706829	-0.050737
1.707829	-0.060132
1.708829	-0.070919
1.709829	-0.083275
1.710829	-0.097397
1.711829	-0.113505
1.712829	-0.131848
1.713829	-0.152701
1.714829	-0.176369
1.715829	-0.203192
1.716829	-0.233543
1.717829	-0.267831
1.718829	-0.306505
1.719829	-0.350054
1.720829	-0.399012
1.721829	-0.453955
1.722829	-0.515510
1.723829	-0.584351
1.724829	-0.661205
1.725829	-0.746851
1.726829	-0.842124
1.727829	-0.947917
1.728829	-1.065171
1.729829	-1.194865
1.730829	-1.338012
1.731829	-1.495647
1.732829	-1.668815
1.733829	-1.858568
1.734829	-2.065949
1.735829	-2.291989
1.736829	-2.537694
1.737829	-2.804036
1.738829	-3.091945
1.739829	-3.402302
1.740829	-3.735923
1.741829	-4.093557
1.742829	-4.475873
1.743829	-4.883453
1.744829	-5.316781
1.745829	-5.776232
1.746829	-6.262068
1.747829	-6.774427
1.748829	-7.313309
1.749829	-7.878574
1.750829	-8.469928
1.751829	-9.086920
1.752829	-9.728943
1.753829	-10.395244
1.754829	-11.084931
1.755829	-11.796984
1.756829	-12.530258
1.757829	-13.283497
1.758829	-14.055338
1.759829	-14.844324
1.760829	-15.648906
1.761829	-16.467456
1.762829	-17.298274
1.763829	-18.139596
1.764829	-18.989603
1.765829	-19.846429
1.766829	-20.708166
1.767829	-21.572879
1.768829	-22.438609
1.769829	-23.303383
1.770829	-24.165223
1.771829	-25.022151
1.772829	-25.872202
1.773829	-26.713430
1.774829	-27.543914
1.775829	-28.361771
1.776829	-29.165157
1.777829	-29.952274
1.778829	-30.721376
1.779829	-31.470771
1.780829	-32.198832
1.781829	-32.903995
1.782829	-33.584768
1.783829	-34.239735
1.784829	-34.867563
1.785829	-35.467003
1.786829	-36.036899
1.787829	-36.576192
1.788829	-37.083924
1.789829	-37.559241
1.790829	-38.001405
1.791829	-38.409792
1.792829	-38.783901
1.793829	-39.123356
1.794829	-39.427914
1.795829	-39.697470
1.796829	-39.932060
1.797829	-40.131865
1.798829	-40.297221
1.799829	-40.428616
1.800829	-40.526685
1.801829	-40.592194
1.802829	-40.626028
1.803829	-40.629175
1.804829	-40.602716
1.805829	-40.547808
1.806829	-40.465670
1.807829	-40.357572
1.808829	-40.224818
1.809829	-40.068735
1.810829	-39.890657
1.811829	-39.691912
1.812829	-39.473810
1.813829	-39.237626
1.814829	-38.984587
1.815829	-38.715861
1.816829	-38.432538
1.817829	-38.135624
1.818829	-37.826017
1.819829	-37.504503
1.820829	-37.171736
1.821829	-36.828225
1.822829	-36.474325
1.823829	-36.110221
1.824829	-35.735938
1.825829	-35.351359
1.826829	-34.956237
1.827829	-34.550212
1.828829	-34.132828
1.829829	-33.703550
1.830829	-33.261778
1.831829	-32.806862
1.832829	-32.338122
1.833829	-31.854861
1.834829	-31.356380
1.835829	-30.841999
1.836829	-30.311067
1.837829	-29.762982
1.838829	-29.197206
1.839829	-28.613281
1.840829	-28.010844
1.841829	-27.389644
1.842829	-26.749559
1.843829	-26.090610
1.844829	-25.412978
1.845829	-24.717020
1.846829	-24.003286
1.847829	-23.272528
1.848829	-22.525697
1.849829	-21.763930
1.850829	-20.988532
1.851829	-20.200966
1.852829	-19.402834
1.853829	-18.595865
1.854829	-17.781899
1.855829	-16.962874
1.856829	-16.140811
1.857829	-15.317797
1.858829	-14.495974
1.859829	-13.677521
1.860829	-12.864642
1.861829	-12.059551
1.862829	-11.264456
1.863829	-10.481545
1.864829	-9.712972
1.865829	-8.960842
1.866829	-8.227196
1.867829	-7.513997
1.868829	-6.823115
1.869829	-6.156313
1.870829	-5.515232
1.871829	-4.901378
1.872829	-4.316121
1.873829	-3.760697
1.874829	-3.236211
1.875829	-2.743643
1.876829	-2.283848
1.877829	-1.857563
1.878829	-1.465408
1.879829	-1.107889
1.880829	-0.785404
1.881829	-0.498245
1.882829	-0.246601
1.883829	-0.030564
1.884829	0.149872
1.885829	0.294803
1.886829	0.404414
1.887829	0.478976
1.888829	0.518838
1.889829	0.524432
1.890829	0.496260
1.891829	0.434897
1.892829	0.340986
1.893829	0.215233
1.894829	0.058405
1.895829	-0.128674
1.896829	-0.345125
1.897829	-0.590012
1.898829	-0.862348
1.899829	-1.161092
1.900829	-1.485152
1.901829	-1.833384
1.902829	-2.204595
1.903829	-2.597543
1.904829	-3.010938
1.905829	-3.443441
1.906829	-3.893669
1.907829	-4.360193
1.908829	-4.841541
1.909829	-5.336194
1.910829	-5.842594
1.911829	-6.359140
1.912829	-6.884191
1.913829	-7.416064
1.914829	-7.953041
1.915829	-8.493363
1.916829	-9.035235
1.917829	-9.576828
1.918829	-10.116273
1.919829	-10.651674
1.920829	-11.181104
1.921829	-11.702619
1.922829	-12.214267
1.923829	-12.714099
1.924829	-13.200174
1.925829	-13.670571
1.926829	-14.123401
1.927829	-14.556811
1.928829	-14.968998
1.929829	-15.358214
1.930829	-15.722781
1.931829	-16.061096
1.932829	-16.371641
1.933829	-16.652995
1.934829	-16.903840
1.935829	-17.122973
1.936829	-17.309312
1.937829	-17.461912
1.938829	-17.579967
1.939829	-17.662823
1.940829	-17.709987
1.941829	-17.721138
1.942829	-17.696133
1.943829	-17.635015
1.944829	-17.538011
1.945829	-17.405512
1.946829	-17.238065
1.947829	-17.036354
1.948829	-16.801188
1.949829	-16.533487
1.950829	-16.234263
1.951829	-15.904614
1.952829	-15.545702
1.953829	-15.158741
1.954829	-14.744985
1.955829	-14.305709
1.956829	-13.842201
1.957829	-13.355739
1.958829	-12.847587
1.959829	-12.318969
1.960829	-11.771066
1.961829	-11.204993
1.962829	-10.621790
1.963829	-10.022404
1.964829	-9.407676
1.965829	-8.778328
1.966829	-8.134946
1.967829	-7.477972
1.968829	-6.807701
1.969829	-6.124297
1.970829	-5.427804
1.971829	-4.718161
1.972829	-3.995211
1.973829	-3.258717
1.974829	-2.508372
1.975829	-1.743815
1.976829	-0.964642
1.977829	-0.170418
1.978829	0.639307
1.979829	1.464991
1.980829	2.307081
1.981829	3.166003
1.982829	4.042149
1.983829	4.935867
1.984829	5.847442
1.985829	6.777088
1.986829	7.724935
1.987829	8.691013
1.988829	9.675244
1.989829	10.677424
1.990829	11.697214
1.991829	12.734128
1.992829	13.787534
1.993829	14.856661
1.994829	15.940608
1.995829	17.038355
1.996829	18.148773
1.997829	19.270629
1.998829	20.402599
1.999829	21.543277
2.000829	22.691182
2.001829	23.844769
2.002829	25.002438
2.003829	26.162544
2.004829	27.323403
2.005829	28.483306
2.006829	29.640524
2.007829	30.793320
2.008829	31.939958
2.009829	33.078708
2.010829	34.207864
2.011829	35.325744
2.012829	36.430705
2.013829	37.521149
2.014829	38.595535
2.015829	39.652385
2.016829	40.690284
2.017829	41.707867
2.018829	42.703816
2.019829	43.676847
2.020829	44.625700
2.021829	45.549134
2.022829	46.445911
2.023829	47.314793
2.024829	48.154528
2.025829	48.963845
2.026829	49.741441
2.027829	50.485973
2.028829	51.196049
2.029829	51.870219
2.030829	52.506963
2.031829	53.104686
2.032829	53.661706
2.033829	54.176243
2.034829	54.646415
2.035829	55.070223
2.036829	55.445545
2.037829	55.770126
2.038829	56.041568
2.039829	56.257324
2.040829	56.414713
2.041829	56.510945
2.042829	56.543156
2.043829	56.508435
2.044829	56.403857
2.045829	56.226513
2.046829	55.973539
2.047829	55.642149
2.048829	55.229667
2.049829	54.733551
2.050829	54.151432
2.051829	53.481139
2.052829	52.720732
2.053829	51.868531
2.054829	50.923150
2.055829	49.883522
2.056829	48.748935
2.057829	47.519063
2.058829	46.193989
2.059829	44.774246
2.060829	43.260839
2.061829	41.655282
2.062829	39.959625
2.063829	38.176479
2.064829	36.309015
2.065829	34.360927
2.066829	32.336397
2.067829	30.240064
2.068829	28.076979
2.069829	25.852581
2.070829	23.572649
2.071829	21.243277
2.072829	18.870831
2.073829	16.461915
2.074829	14.023338
2.075829	11.562075
2.076829	9.085232
2.077829	6.600011
2.078829	4.113675
2.079829	1.633510
2.080829	-0.833211
2.081829	-3.279260
2.082829	-5.697492
2.083829	-8.080885
2.084829	-10.422566
2.085829	-12.715858
2.086829	-14.954305
2.087829	-17.131716
2.088829	-19.242178
2.089829	-21.280075
2.090829	-23.240089
2.091829	-25.117218
2.092829	-26.906779
2.093829	-28.604422
2.094829	-30.206134
2.095829	-31.708256
2.096829	-33.107485
2.097829	-34.400889
2.098829	-35.585913
2.099829	-36.660392
2.100829	-37.622554
2.101829	-38.471039
2.102829	-39.204899
2.103829	-39.823614
2.104829	-40.327098
2.105829	-40.715711
2.106829	-40.990266
2.107829	-41.152040
2.108829	-41.202783
2.109829	-41.144728
2.110829	-40.980600
2.111829	-40.713621
2.112829	-40.347500
2.113829	-39.886393
2.114829	-39.334870
2.115829	-38.697875
2.116829	-37.980692
2.117829	-37.188903
2.118829	-36.328355
2.119829	-35.405121
2.120829	-34.425462
2.121829	-33.395792
2.122829	-32.322637
2.123829	-31.212603
2.124829	-30.072334
2.125829	-28.908476
2.126829	-27.727643
2.127829	-26.536373
2.128829	-25.341098
2.129829	-24.148103
2.130829	-22.963488
2.131829	-21.793132
2.132829	-20.642658
2.133829	-19.517389
2.134829	-18.422321
2.135829	-17.362077
2.136829	-16.340900
2.137829	-15.362646
2.138829	-14.430795
2.139829	-13.548452
2.140829	-12.718351
2.141829	-11.942860
2.142829	-11.223986
2.143829	-10.563376
2.144829	-9.962326
2.145829	-9.421780
2.146829	-8.942339
2.147829	-8.524262
2.148829	-8.167470
2.149829	-7.871552
2.150829	-7.635770
2.151829	-7.459060
2.152829	-7.340038
2.153829	-7.277004
2.154829	-7.267946
2.155829	-7.310546
2.156829	-7.402180
2.157829	-7.539928
2.158829	-7.720571
2.159829	-7.940603
2.160829	-8.196248
2.161829	-8.483486
2.162829	-8.798094
2.163829	-9.135671
2.164829	-9.491678
2.165829	-9.861465
2.166829	-10.240311
2.167829	-10.623450
2.168829	-11.006108
2.169829	-11.383535
2.170829	-11.751040
2.171829	-12.104020
2.172829	-12.437998
2.173829	-12.748652
2.174829	-13.031851
2.175829	-13.283684
2.176829	-13.500499
2.177829	-13.678931
2.178829	-13.815937
2.179829	-13.908831
2.180829	-13.955313
2.181829	-13.953505
2.182829	-13.901982
2.183829	-13.799806
2.184829	-13.646530
2.185829	-13.442188
2.186829	-13.187267
2.187829	-12.882699
2.188829	-12.529828
2.189829	-12.130402
2.190829	-11.686547
2.191829	-11.200748
2.192829	-10.675830
2.193829	-10.114940
2.194829	-9.521524
2.195829	-8.899310
2.196829	-8.252289
2.197829	-7.584689
2.198829	-6.900966
2.199829	-6.205774
2.200829	-5.503952
2.201829	-4.800501
2.202829	-4.100566
2.203829	-3.409416
2.204829	-2.732423
2.205829	-2.075044
2.206829	-1.442801
2.207829	-0.841261
2.208829	-0.276007
2.209829	0.247387
2.210829	0.723400
2.211829	1.146589
2.212829	1.511624
2.213829	1.813325
2.214829	2.046694
2.215829	2.206947
2.216829	2.289547
2.217829	2.290243
2.218829	2.205096
2.219829	2.030519
2.220829	1.763305
2.221829	1.400665
2.222829	0.940260
2.223829	0.380233
2.224829	-0.280755
2.225829	-1.043492
2.226829	-1.908184
2.227829	-2.874417
2.228829	-3.941129
2.229829	-5.106571
2.230829	-6.368276
2.231829	-7.723030
2.232829	-9.166873
2.233829	-10.695140
2.234829	-12.302512
2.235829	-13.983068
2.236829	-15.730330
2.237829	-17.537315
2.238829	-19.396585
2.239829	-21.300298
2.240829	-23.240252
2.241829	-25.207944
2.242829	-27.194608
2.243829	-29.191277
2.244829	-31.188822
2.245829	-33.178008
2.246829	-35.149543
2.247829	-37.094125
2.248829	-39.002494
2.249829	-40.865481
2.250829	-42.674057
2.251829	-44.419383
2.252829	-46.092863
2.253829	-47.686185
2.254829	-49.191382
2.255829	-50.600871
2.256829	-51.907492
2.257829	-53.104523
2.258829	-54.185697
2.259829	-55.145210
2.260829	-55.977736
2.261829	-56.678442
2.262829	-57.243000
2.263829	-57.667601
2.264829	-57.948966
2.265829	-58.084361
2.266829	-58.071610
2.267829	-57.909111
2.268829	-57.595842
2.269829	-57.131382
2.270829	-56.515920
2.271829	-55.750268
2.272829	-54.835877
2.273829	-53.774849
2.274829	-52.569948
2.275829	-51.224616
2.276829	-49.742987
2.277829	-48.129896
2.278829	-46.390897
2.279829	-44.532270
2.280829	-42.561007
2.281829	-40.484757
2.282829	-38.311765
2.283829	-36.050812
2.284829	-33.711153
2.285829	-31.302454
2.286829	-28.834733
2.287829	-26.318299
2.288829	-23.763688
2.289829	-21.181606
2.290829	-18.582864
2.291829	-15.978317
2.292829	-13.378806
2.293829	-10.795092
2.294829	-8.237800
2.295829	-5.717354
2.296829	-3.243917
2.297829	-0.827328
2.298829	1.522955
2.299829	3.797921
2.300829	5.989064
2.301829	8.088445
2.302829	10.088756
2.303829	11.983374
2.304829	13.766391
2.305829	15.432602
2.306829	16.977474
2.307829	18.397127
2.308829	19.688307
2.309829	20.848359
2.310829	21.875207
2.311829	22.767326
2.312829	23.523715
2.313829	24.143878
2.314829	24.627795
2.315829	24.975898
2.316829	25.189048
2.317829	25.268508
2.318829	25.215917
2.319829	25.033270
2.320829	24.722890
2.321829	24.287401
2.322829	23.729710
2.323829	23.052974
2.324829	22.260582
2.325829	21.356125
2.326829	20.343376
2.327829	19.226263
2.328829	18.008855
2.329829	16.695363
2.330829	15.290148
2.331829	13.797721
2.332829	12.222749
2.333829	10.570063
2.334829	8.844656
2.335829	7.051695
2.336829	5.196520
2.337829	3.284651
2.338829	1.321791
2.339829	-0.686167
2.340829	-2.733135
2.341829	-4.812831
2.342829	-6.918766
2.343829	-9.044248
2.344829	-11.182370
2.345829	-13.326010
2.346829	-15.467825
2.347829	-17.600247
2.348829	-19.715475
2.349829	-21.805477
2.350829	-23.861979
2.351829	-25.876465
2.352829	-27.840193
2.353829	-29.744239
2.354829	-31.579550
2.355829	-33.336997
2.356829	-35.007427
2.357829	-36.581718
2.358829	-38.050829
2.359829	-39.405854
2.360829	-40.638075
2.361829	-41.739015
2.362829	-42.700487
2.363829	-43.514654
2.364829	-44.174074
2.365829	-44.671759
2.366829	-45.001224
2.367829	-45.156540
2.368829	-45.132389
2.369829	-44.924114
2.370829	-44.527773
2.371829	-43.940193
2.372829	-43.159021
2.373829	-42.182775
2.374829	-41.010903
2.375829	-39.643826
2.376829	-38.082965
2.377829	-36.330714
2.378829	-34.390401
2.379829	-32.266252
2.380829	-29.963349
2.381829	-27.487597
2.382829	-24.845681
2.383829	-22.045030
2.384829	-19.093781
2.385829	-16.000735
2.386829	-12.775325
2.387829	-9.427574
2.388829	-5.968058
2.389829	-2.407869
2.390829	1.241426
2.391829	4.967820
2.392829	8.758907
2.393829	12.601918
2.394829	16.483761
2.395829	20.391057
2.396829	24.310181
2.397829	28.227297
2.398829	32.128398
2.399829	35.999345
2.400829	39.825915
2.401829	43.593860
2.402829	47.288979
2.403829	50.897180
2.404829	54.404549
2.405829	57.797417
2.406829	61.062426
2.407829	64.186595
2.408829	67.157389
2.409829	69.962784
2.410829	72.591334
2.411829	75.032237
2.412829	77.275403
2.413829	79.311521
2.414829	81.132124
2.415829	82.729659
2.416829	84.097548
2.417829	85.230261
2.418829	86.123379
2.419829	86.773662
2.420829	87.179115
2.421829	87.339056
2.422829	87.254181
2.423829	86.926629
2.424829	86.359998
2.425829	85.559274
2.426829	84.530737
2.427829	83.281861
2.428829	81.821221
2.429829	80.158400
2.430829	78.303883
2.431829	76.268973
2.432829	74.065685
2.433829	71.706657
2.434829	69.205050
2.435829	66.574452
2.436829	63.828785
2.437829	60.982205
2.438829	58.049009
2.439829	55.043537
2.440829	51.980077
2.441829	48.872769
2.442829	45.735507
2.443829	42.581847
2.444829	39.424907
2.445829	36.277272
2.446829	33.150899
2.447829	30.057021
2.448829	27.006092
2.449829	24.007788
2.450829	21.071043
2.451829	18.204072
2.452829	15.414401
2.453829	12.708897
2.454829	10.093793
2.455829	7.574722
2.456829	5.156741
2.457829	2.844359
2.458829	0.641572
2.459829	-1.448116
2.460829	-3.421662
2.461829	-5.276452
2.462829	-7.010277
2.463829	-8.621303
2.464829	-10.108041
2.465829	-11.469322
2.466829	-12.704262
2.467829	-13.812241
2.468829	-14.792870
2.469829	-15.645963
2.470829	-16.371509
2.471829	-16.969644
2.472829	-17.440634
2.473829	-17.784874
2.474829	-18.002901
2.475829	-18.095401
2.476829	-18.063217
2.477829	-17.907360
2.478829	-17.629016
2.479829	-17.229558
2.480829	-16.710549
2.481829	-16.073760
2.482829	-15.321170
2.483829	-14.454980
2.484829	-13.477621
2.485829	-12.391763
2.486829	-11.200323
2.487829	-9.906476
2.488829	-8.513661
2.489829	-7.025591
2.490829	-5.446267
2.491829	-3.779977
2.492829	-2.031314
2.493829	-0.205181
2.494829	1.693201
2.495829	3.658282
2.496829	5.684184
2.497829	7.764725
2.498829	9.893444
2.499829	12.063631
2.500829	14.268354
2.501829	16.500486
2.502829	18.752737
2.503829	21.017676
2.504829	23.287766
2.505829	25.555387
2.506829	27.812865
2.507829	30.052502
2.508829	32.266602
2.509829	34.447499
2.510829	36.587589
2.511829	38.679351
2.512829	40.715382
2.513829	42.688422
2.514829	44.591380
2.515829	46.417365
2.516829	48.159716
2.517829	49.812025
2.518829	51.368167
2.519829	52.822330
2.520829	54.169035
2.521829	55.403152
2.522829	56.519910
2.523829	57.514901
2.524829	58.384098
2.525829	59.123858
2.526829	59.730934
2.527829	60.202485
2.528829	60.536085
2.529829	60.729732
2.530829	60.781858
2.531829	60.691340
2.532829	60.457507
2.533829	60.080151
2.534829	59.559537
2.535829	58.896411
2.536829	58.092012
2.537829	57.148078
2.538829	56.066860
2.539829	54.851127
2.540829	53.504180
2.541829	52.029858
2.542829	50.432549
2.543829	48.717200
2.544829	46.889311
2.545829	44.954904
2.546829	42.920481
2.547829	40.792973
2.548829	38.579704
2.549829	36.288341
2.550829	33.926854
2.551829	31.503466
2.552829	29.026618
2.553829	26.504913
2.554829	23.947083
2.555829	21.361938
2.556829	18.758322
2.557829	16.145075
2.558829	13.530979
2.559829	10.924722
2.560829	8.334852
2.561829	5.769729
2.562829	3.237485
2.563829	0.745977
2.564829	-1.697253
2.565829	-4.085029
2.566829	-6.410579
2.567829	-8.667581
2.568829	-10.850192
2.569829	-12.953047
2.570829	-14.971234
2.571829	-16.900280
2.572829	-18.736134
2.573829	-20.475141
2.574829	-22.114032
2.575829	-23.649899
2.576829	-25.080179
2.577829	-26.402637
2.578829	-27.615342
2.579829	-28.716653
2.580829	-29.705201
2.581829	-30.579864
2.582829	-31.339757
2.583829	-31.984206
2.584829	-32.512733
2.585829	-32.925037
2.586829	-33.220975
2.587829	-33.400543
2.588829	-33.463857
2.589829	-33.411136
2.590829	-33.242681
2.591829	-32.958859
2.592829	-32.560088
2.593829	-32.046836
2.594829	-31.419633
2.595829	-30.679069
2.596829	-29.825805
2.597829	-28.860581
2.598829	-27.784215
2.599829	-26.597618
2.600829	-25.301792
2.601829	-23.897841
2.602829	-22.386977
2.603829	-20.770526
2.604829	-19.049929
2.605829	-17.226757
2.606829	-15.302711
2.607829	-13.279629
2.608829	-11.159494
2.609829	-8.944438
2.610829	-6.636750
2.611829	-4.238882
2.612829	-1.753452
2.613829	0.816744
2.614829	3.468732
2.615829	6.199350
2.616829	9.005241
2.617829	11.882843
2.618829	14.828378
2.619829	17.837840
2.620829	20.906979
2.621829	24.031295
2.622829	27.206020
2.623829	30.426112
2.624829	33.686237
2.625829	36.980761
2.626829	40.303738
2.627829	43.648894
2.628829	47.009621
2.629829	50.378958
2.630829	53.749586
2.631829	57.113811
2.632829	60.463552
2.633829	63.790333
2.634829	67.085268
2.635829	70.339048
2.636829	73.541932
2.637829	76.683733
2.638829	79.753805
2.639829	82.741035
2.640829	85.633850
2.641829	88.420298
2.642829	91.088152
2.643829	93.625019
2.644829	96.018446
2.645829	98.256030
2.646829	100.325523
2.647829	102.214946
2.648829	103.912686
2.649829	105.407616
2.650829	106.689194
2.651829	107.747573
2.652829	108.573712
2.653829	109.159480
2.654829	109.497764
2.655829	109.582581
2.656829	109.409179
2.657829	108.974152
2.658829	108.275541
2.659829	107.312948
2.660829	106.087639
2.661829	104.602654
2.662829	102.862915
2.663829	100.875332
2.664829	98.648863
2.665829	96.194440
2.666829	93.524822
2.667829	90.654454
2.668829	87.599317
2.669829	84.376786
2.670829	81.005482
2.671829	77.505125
2.672829	73.896391
2.673829	70.200766
2.674829	66.440396
2.675829	62.637949
2.676829	58.816460
2.677829	54.999192
2.678829	51.209489
2.679829	47.470628
2.680829	43.805674
2.681829	40.237335
2.682829	36.787816
2.683829	33.478675
2.684829	30.330671
2.685829	27.363626
2.686829	24.596275
2.687829	22.046120
2.688829	19.729314
2.689829	17.660615
2.690829	15.853388
2.691829	14.319608
2.692829	13.069858
2.693829	12.113332
2.694829	11.457833
2.695829	11.109782
2.696829	11.074211
2.697829	11.354767
2.698829	11.953717
2.699829	12.871942
2.700829	14.108945
2.701829	15.662849
2.702829	17.530399
2.703829	19.706962
2.704829	22.186530
2.705829	24.961722
2.706829	28.023780
2.707829	31.362578
2.708829	34.966618
2.709829	38.823031
2.710829	42.917582
2.711829	47.234668
2.712829	51.757340
2.713829	56.467375
2.714829	61.345385
2.715829	66.370926
2.716829	71.522602
2.717829	76.778177
2.718829	82.114681
2.719829	87.508517
2.720829	92.935570
2.721829	98.371318
2.722829	103.790934
2.723829	109.169398
2.724829	114.481603
2.725829	119.702465
2.726829	124.807029
2.727829	129.770579
2.728829	134.568742
2.729829	139.177602
2.730829	143.573802
2.731829	147.734655
2.732829	151.638253
2.733829	155.263570
2.734829	158.590577
2.735829	161.600345
2.736829	164.275137
2.737829	166.598460
2.738829	168.555075
2.739829	170.131016
2.740829	171.313607
2.741829	172.091477
2.742829	172.454576
2.743829	172.394187
2.744829	171.902951
2.745829	170.974873
2.746829	169.605345
2.747829	167.791157
2.748829	165.530517
2.749829	162.823064
2.750829	159.669886
2.751829	156.073534
2.752829	152.038037
2.753829	147.568924
2.754829	142.673230
2.755829	137.359523
2.756829	131.637911
2.757829	125.520062
2.758829	119.019218
2.759829	112.150214
2.760829	104.929475
2.761829	97.374953
2.762829	89.506039
2.763829	81.343457
2.764829	72.909173
2.765829	64.226295
2.766829	55.318974
2.767829	46.212308
2.768829	36.932247
2.769829	27.505488
2.770829	17.959387
2.771829	8.321854
2.772829	-1.378743
2.773829	-11.113671
2.774829	-20.853936
2.775829	-30.570378
2.776829	-40.233764
2.777829	-49.814895
2.778829	-59.284696
2.779829	-68.614314
2.780829	-77.775220
2.781829	-86.739303
2.782829	-95.478970
2.783829	-103.967239
2.784829	-112.177839
2.785829	-120.085293
2.786829	-127.664997
2.787829	-134.893294
2.788829	-141.747561
2.789829	-148.206278
2.790829	-154.249113
2.791829	-159.856995
2.792829	-165.012196
2.793829	-169.698409
2.794829	-173.900822
2.795829	-177.606202
2.796829	-180.802970
2.797829	-183.481277
2.798829	-185.633089
2.799829	-187.252257
2.800829	-188.334603
2.801829	-188.877991
2.802829	-188.882412
2.803829	-188.350055
2.804829	-187.285392
2.805829	-185.695252
2.806829	-183.588901
2.807829	-180.978118
2.808829	-177.877243
2.809829	-174.303082
2.810829	-170.274732
2.811829	-165.813391
2.812829	-160.942177
2.813829	-155.685943
2.814829	-150.071087
2.815829	-144.125372
2.816829	-137.877736
2.817829	-131.358111
2.818829	-124.597234
2.819829	-117.626465
2.820829	-110.477600
2.821829	-103.182684
2.822829	-95.773830
2.823829	-88.283028
2.824829	-80.741966
2.825829	-73.181840
2.826829	-65.633170
2.827829	-58.125615
2.828829	-50.687790
2.829829	-43.347074
2.830829	-36.129433
2.831829	-29.059230
2.832829	-22.159066
2.833829	-15.449748
2.834829	-8.950330
2.835829	-2.678162
2.836829	3.351057
2.837829	9.123232
2.838829	14.625817
2.839829	19.847770
2.840829	24.779498
2.841829	29.412810
2.842829	33.740865
2.843829	37.758122
2.844829	41.460288
2.845829	44.844273
2.846829	47.908133
2.847829	50.651023
2.848829	53.073147
2.849829	55.175708
2.850829	56.960855
2.851829	58.431634
2.852829	59.591941
2.853829	60.446465
2.854829	61.000643
2.855829	61.260609
2.856829	61.233140
2.857829	60.925606
2.858829	60.345909
2.859829	59.502432
2.860829	58.403979
2.861829	57.059719
2.862829	55.479131
2.863829	53.671946
2.864829	51.648093
2.865829	49.417638
2.866829	46.990734
2.867829	44.377558
2.868829	41.588261
2.869829	38.632905
2.870829	35.521413
2.871829	32.263508
2.872829	28.868658
2.873829	25.346021
2.874829	21.704387
2.875829	17.952121
2.876829	14.097109
2.877829	10.146700
2.878829	6.107650
2.879829	1.986063
2.880829	-2.212641
2.881829	-6.483690
2.882829	-10.822848
2.883829	-15.226306
2.884829	-19.690569
2.885829	-24.212343
2.886829	-28.788424
2.887829	-33.415588
2.888829	-38.090474
2.889829	-42.809476
2.890829	-47.568629
2.891829	-52.363501
2.892829	-57.189072
2.893829	-62.039632
2.894829	-66.908664
2.895829	-71.788731
2.896829	-76.671366
2.897829	-81.546960
2.898829	-86.404650
2.899829	-91.232205
2.900829	-96.015917
2.901829	-100.740484
2.902829	-105.388906
2.903829	-109.942364
2.904829	-114.380151
2.905829	-118.679762
2.906829	-122.817133
2.907829	-126.766890
2.908829	-130.502593
2.909829	-133.996990
2.910829	-137.222259
2.911829	-140.150262
2.912829	-142.752790
2.913829	-145.001811
2.914829	-146.869723
2.915829	-148.329594
2.916829	-149.355418
2.917829	-149.922361
2.918829	-150.007006
2.919829	-149.587606
2.920829	-148.644329
2.921829	-147.159510
2.922829	-145.117893
2.923829	-142.506885
2.924829	-139.316805
2.925829	-135.541126
2.926829	-131.176728
2.927829	-126.224146
2.928829	-120.687774
2.929829	-114.575827
2.930829	-107.900119
2.931829	-100.675803
2.932829	-92.921130
2.933829	-84.657191
2.934829	-75.907670
2.935829	-66.698594
2.936829	-57.058081
2.937829	-47.016090
2.938829	-36.604169
2.939829	-25.855209
2.940829	-14.803188
2.941829	-3.482923
2.942829	8.070178
2.943829	19.820373
2.944829	31.731830
2.945829	43.768879
2.946829	55.896267
2.947829	68.079402
2.948829	80.284608
2.949829	92.479374
2.950829	104.632604
2.951829	116.714869
2.952829	128.698630
2.953829	140.558316
2.954829	152.270275
2.955829	163.812709
2.956829	175.165611
2.957829	186.310702
2.958829	197.231363
2.959829	207.912577
2.960829	218.340860
2.961829	228.504198
2.962829	238.391988
2.963829	247.994965
2.964829	257.305146
2.965829	266.315764
2.966829	275.021201
2.967829	283.416926
2.968829	291.499434
2.969829	299.266177
2.970829	306.715503
2.971829	313.846592
2.972829	320.659390
2.973829	327.154549
2.974829	333.333359
2.975829	339.197685
2.976829	344.749907
2.977829	349.992863
2.978829	354.929806
2.979829	359.564360
2.980829	363.900475
2.981829	367.942381
2.982829	371.694547
2.983829	375.161634
2.984829	378.348454
2.985829	381.259920
2.986829	383.901009
2.987829	386.276711
2.988829	388.391990
2.989829	390.251735
2.990829	391.860721
2.991829	393.223561
2.992829	394.344660
2.993829	395.228178
2.994829	395.877977
2.995829	396.297583
2.996829	396.490139
2.997829	396.458362
2.998829	396.204496
2.999829	395.730271
3.000829	395.036864
3.001829	394.124894
3.002829	392.994461
3.003829	391.645178
3.004829	390.076210
3.005829	388.286316
3.006829	386.273880
3.007829	384.036954
3.008829	381.573293
3.009829	378.880394
3.010829	375.955532
3.011829	372.795799
3.012829	369.398144
3.013829	365.759404
3.014829	361.876348
3.015829	357.745713
3.016829	353.364241
3.017829	348.728716
3.018829	343.836003
3.019829	338.683085
3.020829	333.267103
3.021829	327.585388
3.022829	321.635505
3.023829	315.415288
3.024829	308.922878
3.025829	302.156775
3.026829	295.115898
3.027829	287.799647
3.028829	280.207966
3.029829	272.341405
3.030829	264.201181
3.031829	255.789242
3.032829	247.108326
3.033829	238.162030
3.034829	228.954864
3.035829	219.492319
3.036829	209.780926
3.037829	199.828319
3.038829	189.643301
3.039829	179.235900
3.040829	168.617433
3.041829	157.800573
3.042829	146.799404
3.043829	135.629490
3.044829	124.307931
3.045829	112.853430
3.046829	101.286353
3.047829	89.628791
3.048829	77.904608
3.049829	66.139362
3.050829	54.360110
3.051829	42.595184
3.052829	30.873975
3.053829	19.226716
3.054829	7.684258
3.055829	-3.722144
3.056829	-14.961051
3.057829	-26.001060
3.058829	-36.811022
3.059829	-47.360261
3.060829	-57.618790
3.061829	-67.557537
3.062829	-77.148556
3.063829	-86.365248
3.064829	-95.182583
3.065829	-103.577315
3.066829	-111.528203
3.067829	-119.016229
3.068829	-126.024815
3.069829	-132.540045
3.070829	-138.550883
3.071829	-144.049389
3.072829	-149.030920
3.073829	-153.494158
3.074829	-157.440959
3.075829	-160.876171
3.076829	-163.807457
3.077829	-166.245110
3.078829	-168.201878
3.079829	-169.692778
3.080829	-170.734919
3.081829	-171.347321
3.082829	-171.550735
3.083829	-171.367459
3.084829	-170.821164
3.085829	-169.936708
3.086829	-168.739957
3.087829	-167.257605
3.088829	-165.516996
3.089829	-163.545938
3.090829	-161.372528
3.091829	-159.024968
3.092829	-156.531386
3.093829	-153.919656
3.094829	-151.217216
3.095829	-148.450890
3.096829	-145.646712
3.097829	-142.829823
3.098829	-140.024434
3.099829	-137.253811
3.100829	-134.540253
3.101829	-131.905073
3.102829	-129.368576
3.103829	-126.950043
3.104829	-124.667708
3.105829	-122.538741
3.106829	-120.579226
3.107829	-118.804144
3.108829	-117.227348
3.109829	-115.861551
3.110829	-114.718299
3.111829	-113.807957
3.112829	-113.139686
3.113829	-112.721422
3.114829	-112.559861
3.115829	-112.660436
3.116829	-113.027298
3.117829	-113.663295
3.118829	-114.569954
3.119829	-115.747463
3.120829	-117.194652
3.121829	-118.909031
3.122829	-120.886884
3.123829	-123.123370
3.124829	-125.612631
3.125829	-128.347890
3.126829	-131.321560
3.127829	-134.525346
3.128829	-137.950348
3.129829	-141.587167
3.130829	-145.426005
3.131829	-149.456772
3.132829	-153.669192
3.133829	-158.052898
3.134829	-162.597548
3.135829	-167.292917
3.136829	-172.129011
3.137829	-177.096162
3.138829	-182.185139
3.139829	-187.387247
3.140829	-192.694433
3.141829	-198.099390
3.142829	-203.595659
3.143829	-209.177736
3.144829	-214.841163
3.145829	-220.582536
3.146829	-226.399400
3.147829	-232.290127
3.148829	-238.253785
3.149829	-244.290017
3.150829	-250.398915
3.151829	-256.580896
3.152829	-262.836571
3.153829	-269.166629
3.154829	-275.571704
3.155829	-282.052252
3.156829	-288.608429
3.157829	-295.239960
3.158829	-301.946018
3.159829	-308.725100
3.160829	-315.574896
3.161829	-322.492169
3.162829	-329.472628
3.163829	-336.510802
3.164829	-343.599915
3.165829	-350.731763
3.166829	-357.896586
3.167829	-365.082944
3.168829	-372.277601
3.169829	-379.465503
3.170829	-386.629882
3.171829	-393.752383
3.172829	-400.813193
3.173829	-407.791167
3.174829	-414.663957
3.175829	-421.408140
3.176829	-427.999346
3.177829	-434.412386
3.178829	-440.621377
3.179829	-446.599874
3.180829	-452.320998
3.181829	-457.757558
3.182829	-462.882186
3.183829	-467.667461
3.184829	-472.086037
3.185829	-476.110773
3.186829	-479.714857
3.187829	-482.871940
3.188829	-485.556257
3.189829	-487.742759
3.190829	-489.407241
3.191829	-490.526467
3.192829	-491.078301
3.193829	-491.041817
3.194829	-490.397400
3.195829	-489.126840
3.196829	-487.213426
3.197829	-484.642039
3.198829	-481.399248
3.199829	-477.473405
3.200829	-472.854737
3.201829	-467.535443
3.202829	-461.509784
3.203829	-454.774185
3.204829	-447.327321
3.205829	-439.170216
3.206829	-430.306337
3.207829	-420.741686
3.208829	-410.484899
3.209829	-399.547336
3.210829	-387.943175
3.211829	-375.689510
3.212829	-362.806444
3.213829	-349.317182
3.214829	-335.248125
3.215829	-320.628968
3.216829	-305.492779
3.217829	-289.875943
3.218829	-273.817907
3.219829	-257.360880
3.220829	-240.549529
3.221829	-223.430681
3.222829	-206.053017
3.223829	-188.466776
3.224829	-170.723449
3.225829	-152.875482
3.226829	-134.975970
3.227829	-117.078360
3.228829	-99.236147
3.229829	-81.502574
3.230829	-63.930328
3.231829	-46.571244
3.232829	-29.475997
3.233829	-12.693807
3.234829	3.727866
3.235829	19.743624
3.236829	35.310430
3.237829	50.387910
3.238829	64.938655
3.239829	78.928522
3.240829	92.326922
3.241829	105.106961
3.242829	117.245347
3.243829	128.722242
3.244829	139.521121
3.245829	149.628624
3.246829	159.034408
3.247829	167.731005
3.248829	175.713672
3.249829	182.980249
3.250829	189.531010
3.251829	195.368518
3.252829	200.497480
3.253829	204.924600
3.254829	208.658435
3.255829	211.709244
3.256829	214.088850
3.257829	215.810486
3.258829	216.888655
3.259829	217.338981
3.260829	217.178064
3.261829	216.423336
3.262829	215.092909
3.263829	213.205436
3.264829	210.779966
3.265829	207.835838
3.266829	204.392644
3.267829	200.470204
3.268829	196.088543
3.269829	191.267864
3.270829	186.028529
3.271829	180.391032
3.272829	174.375975
3.273829	168.004043
3.274829	161.295986
3.275829	154.272587
3.276829	146.954643
3.277829	139.362942
3.278829	131.518235
3.279829	123.441216
3.280829	115.152494
3.281829	106.672573
3.282829	98.021828
3.283829	89.220477
3.284829	80.288562
3.285829	71.245921
3.286829	62.112168
3.287829	52.906665
3.288829	43.648503
3.289829	34.356476
3.290829	25.049074
3.291829	15.744465
3.292829	6.460487
3.293829	-2.785370
3.294829	-11.975969
3.295829	-21.094545
3.296829	-30.124711
3.297829	-39.050477
3.298829	-47.856257
3.299829	-56.526884
3.300829	-65.047621
3.301829	-73.404174
3.302829	-81.582706
3.303829	-89.569844
3.304829	-97.352697
3.305829	-104.918866
3.306829	-112.256456
3.307829	-119.354089
3.308829	-126.200916
3.309829	-132.786628
3.310829	-139.101472
3.311829	-145.136259
3.312829	-150.882379
3.313829	-156.331811
3.314829	-161.477131
3.315829	-166.311519
3.316829	-170.828770
3.317829	-175.023297
3.318829	-178.890142
3.319829	-182.424983
3.320829	-185.624139
3.321829	-188.484583
3.322829	-191.003944
3.323829	-193.180518
3.324829	-195.013275
3.325829	-196.501867
3.326829	-197.646634
3.327829	-198.448612
3.328829	-198.909545
3.329829	-199.031884
3.330829	-198.818805
3.331829	-198.274207
3.332829	-197.402726
3.333829	-196.209741
3.334829	-194.701381
3.335829	-192.884531
3.336829	-190.766845
3.337829	-188.356733
3.338829	-185.663342
3.339829	-182.696520
3.340829	-179.466785
3.341829	-175.985292
3.342829	-172.263800
3.343829	-168.314642
3.344829	-164.150691
3.345829	-159.785327
3.346829	-155.232404
3.347829	-150.506223
3.348829	-145.621490
3.349829	-140.593295
3.350829	-135.437069
3.351829	-130.168559
3.352829	-124.803792
3.353829	-119.359046
3.354829	-113.850811
3.355829	-108.295764
3.356829	-102.710734
3.357829	-97.112667
3.358829	-91.518597
3.359829	-85.945611
3.360829	-80.410821
3.361829	-74.931317
3.362829	-69.524126
3.363829	-64.206152
3.364829	-58.994121
3.365829	-53.904533
3.366829	-48.953602
3.367829	-44.157205
3.368829	-39.530826
3.369829	-35.089504
3.370829	-30.847777
3.371829	-26.819630
3.372829	-23.018438
3.373829	-19.456915
3.374829	-16.147057
3.375829	-13.100090
3.376829	-10.326417
3.377829	-7.835559
3.378829	-5.636106
3.379829	-3.735662
3.380829	-2.140787
3.381829	-0.856948
3.382829	0.111538
3.383829	0.761557
3.384829	1.091251
3.385829	1.100045
3.386829	0.788620
3.387829	0.158866
3.388829	-0.786159
3.389829	-2.042276
3.390829	-3.604231
3.391829	-5.465739
3.392829	-7.619527
3.393829	-10.057381
3.394829	-12.770191
3.395829	-15.747995
3.396829	-18.980024
3.397829	-22.454747
3.398829	-26.159916
3.399829	-30.082611
3.400829	-34.209285
3.401829	-38.525809
3.402829	-43.017516
3.403829	-47.669245
3.404829	-52.465391
3.405829	-57.389943
3.406829	-62.426535
3.407829	-67.558484
3.408829	-72.768844
3.409829	-78.040440
3.410829	-83.355914
3.411829	-88.697760
3.412829	-94.048365
3.413829	-99.390046
3.414829	-104.705089
3.415829	-109.975787
3.416829	-115.184478
3.417829	-120.313585
3.418829	-125.345656
3.419829	-130.263397
3.420829	-135.049715
3.421829	-139.687756
3.422829	-144.160942
3.423829	-148.453011
3.424829	-152.548054
3.425829	-156.430554
3.426829	-160.085427
3.427829	-163.498056
3.428829	-166.654333
3.429829	-169.540695
3.430829	-172.144165
3.431829	-174.452389
3.432829	-176.453675
3.433829	-178.137034
3.434829	-179.492232
3.435829	-180.509841
3.436829	-181.181289
3.437829	-181.498918
3.438829	-181.456031
3.439829	-181.046947
3.440829	-180.267055
3.441829	-179.112861
3.442829	-177.582049
3.443829	-175.673523
3.444829	-173.387469
3.445829	-170.725402
3.446829	-167.690220
3.447829	-164.286254
3.448829	-160.519327
3.449829	-156.396798
3.450829	-151.927622
3.451829	-147.122395
3.452829	-141.993415
3.453829	-136.554726
3.454829	-130.822176
3.455829	-124.813469
3.456829	-118.548211
3.457829	-112.047907
3.458829	-105.335815
3.459829	-98.436745
3.460829	-91.376869
3.461829	-84.183514
3.462829	-76.884969
3.463829	-69.510287
3.464829	-62.089081
3.465829	-54.651334
3.466829	-47.227194
3.467829	-39.846779
3.468829	-32.539977
3.469829	-25.336251
3.470829	-18.264435
3.471829	-11.352540
3.472829	-4.627556
3.473829	1.884748
3.474829	8.160023
3.475829	14.175538
3.476829	19.910374
3.477829	25.345629
3.478829	30.464613
3.479829	35.253044
3.480829	39.699248
3.481829	43.794278
3.482829	47.531847
3.483829	50.908189
3.484829	53.921920
3.485829	56.573891
3.486829	58.867051
3.487829	60.806300
3.488829	62.398351
3.489829	63.651586
3.490829	64.575912
3.491829	65.182625
3.492829	65.484260
3.493829	65.494457
3.494829	65.227812
3.495829	64.699739
3.496829	63.926326
3.497829	62.924194
3.498829	61.710356
3.499829	60.302071
3.500829	58.716707
3.501829	56.971595
3.502829	55.083888
3.503829	53.070420
3.504829	50.947565
3.505829	48.731120
3.506829	46.436271
3.507829	44.077575
3.508829	41.668957
3.509829	39.223698
3.510829	36.754426
3.511829	34.273107
3.512829	31.791037
3.513829	29.318832
3.514829	26.866417
3.515829	24.443020
3.516829	22.057163
3.517829	19.716649
3.518829	17.428555
3.519829	15.199226
3.520829	13.034260
3.521829	10.938503
3.522829	8.916039
3.523829	6.970181
3.524829	5.103459
3.525829	3.317617
3.526829	1.613596
3.527829	-0.008468
3.528829	-1.549257
3.529829	-3.010262
3.530829	-4.393734
3.531829	-5.702613
3.532829	-6.940460
3.533829	-8.111386
3.534829	-9.219980
3.535829	-10.271242
3.536829	-11.270512
3.537829	-12.223399
3.538829	-13.135710
3.539829	-14.013383
3.540829	-14.862416
3.541829	-15.688793
3.542829	-16.498419
3.543829	-17.297048
3.544829	-18.090212
3.545829	-18.883152
3.546829	-19.680748
3.547829	-20.487448
3.548829	-21.307198
3.549829	-22.143374
3.550829	-22.998709
3.551829	-23.875223
3.552829	-24.774158
3.553829	-25.695924
3.554829	-26.640132
3.555829	-27.605639
3.556829	-28.590609
3.557829	-29.592570
3.558829	-30.608464
3.559829	-31.634708
3.560829	-32.667248
3.561829	-33.701616
3.562829	-34.732984
3.563829	-35.756221
3.564829	-36.765948
3.565829	-37.756595
3.566829	-38.722457
3.567829	-39.657746
3.568829	-40.556654
3.569829	-41.413403
3.570829	-42.222301
3.571829	-42.977803
3.572829	-43.674559
3.573829	-44.307478
3.574829	-44.871778
3.575829	-45.363043
3.576829	-45.777283
3.577829	-46.110970
3.578829	-46.361057
3.579829	-46.524971
3.580829	-46.600605
3.581829	-46.586313
3.582829	-46.480905
3.583829	-46.283643
3.584829	-45.994231
3.585829	-45.612811
3.586829	-45.139959
3.587829	-44.576677
3.588829	-43.924387
3.589829	-43.184928
3.590829	-42.360546
3.591829	-41.453893
3.592829	-40.468016
3.593829	-39.406355
3.594829	-38.272736
3.595829	-37.071365
3.596829	-35.806824
3.597829	-34.484059
3.598829	-33.108384
3.599829	-31.685467
3.600829	-30.221327
3.601829	-28.722321
3.602829	-27.195095
3.603829	-25.646533
3.604829	-24.083693
3.605829	-22.513748
3.606829	-20.943933
3.607829	-19.381477
3.608829	-17.833553
3.609829	-16.307214
3.610829	-14.809335
3.611829	-13.346554
3.612829	-11.925215
3.613829	-10.551307
3.614829	-9.230406
3.615829	-7.967617
3.616829	-6.767513
3.617829	-5.634077
3.618829	-4.570646
3.619829	-3.579846
3.620829	-2.663539
3.621829	-1.822762
3.622829	-1.057668
3.623829	-0.367465
3.624829	0.249636
3.625829	0.796464
3.626829	1.276837
3.627829	1.695475
3.628829	2.057911
3.629829	2.370397
3.630829	2.639817
3.631829	2.873594
3.632829	3.079600
3.633829	3.266065
3.634829	3.441486
3.635829	3.614537
3.636829	3.793979
3.637829	3.988567
3.638829	4.206961
3.639829	4.457635
3.640829	4.748786
3.641829	5.088245
3.642829	5.483381
3.643829	5.941019
3.644829	6.467339
3.645829	7.067796
3.646829	7.747020
3.647829	8.508731
3.648829	9.355645
3.649829	10.289416
3.650829	11.310654
3.651829	12.419015
3.652829	13.613279
3.653829	14.891433
3.654829	16.250758
3.655829	17.687909
3.656829	19.198999
3.657829	20.779685
3.658829	22.425247
3.659829	24.130675
3.660829	25.890750
3.661829	27.700129
3.662829	29.553427
3.663829	31.445301
3.664829	33.370534
3.665829	35.324118
3.666829	37.301336
3.667829	39.297847
3.668829	41.309767
3.669829	43.333757
3.670829	45.367102
3.671829	47.407796
3.672829	49.454623
3.673829	51.507220
3.674829	53.566039
3.675829	55.632257
3.676829	57.707686
3.677829	59.794680
3.678829	61.896040
3.679829	64.014923
3.680829	66.154750
3.681829	68.319111
3.682829	70.511672
3.683829	72.736087
3.684829	74.995899
3.685829	77.294451
3.686829	79.634791
3.687829	82.019583
3.688829	84.451009
3.689829	86.930680
3.690829	89.459544
3.691829	92.037788
3.692829	94.664750
3.693829	97.338827
3.694829	100.057376
3.695829	102.816629
3.696829	105.611595
3.697829	108.435993
3.698829	111.282270
3.699829	114.141683
3.700829	117.004377
3.701829	119.859464
3.702829	122.695109
3.703829	125.498608
3.704829	128.256470
3.705829	130.954498
3.706829	133.577871
3.707829	136.111223
3.708829	138.538727
3.709829	140.844173
3.710829	143.011052
3.711829	145.022638
3.712829	146.862062
3.713829	148.512404
3.714829	149.956765
3.715829	151.178353
3.716829	152.160561
3.717829	152.887053
3.718829	153.341840
3.719829	153.509363
3.720829	153.374576
3.721829	152.923023
3.722829	152.140918
3.723829	151.015215
3.724829	149.533683
3.725829	147.684982
3.726829	145.458734
3.727829	142.845597
3.728829	139.837339
3.729829	136.426912
3.730829	132.608526
3.731829	128.377720
3.732829	123.731440
3.733829	118.668108
3.734829	113.187699
3.735829	107.291814
3.736829	100.983752
3.737829	94.268585
3.738829	87.153232
3.739829	79.646531
3.740829	71.759316
3.741829	63.504485
3.742829	54.897080
3.743829	45.954356
3.744829	36.695857
3.745829	27.143454
3.746829	17.321250
3.747829	7.255378
3.748829	-3.026201
3.749829	-13.493906
3.750829	-24.116738
3.751829	-34.862487
3.752829	-45.697937
3.753829	-56.589070
3.754829	-67.501274
3.755829	-78.399545
3.756829	-89.248692
3.757829	-100.013546
3.758829	-110.659161
3.759829	-121.151021
3.760829	-131.455246
3.761829	-141.538795
3.762829	-151.369673
3.763829	-160.917134
3.764829	-170.151889
3.765829	-179.046309
3.766829	-187.574631
3.767829	-195.713163
3.768829	-203.440488
3.769829	-210.737644
3.770829	-217.588165
3.771829	-223.978042
3.772829	-229.895659
3.773829	-235.331743
3.774829	-240.279309
3.775829	-244.733600
3.776829	-248.692037
3.777829	-252.154159
3.778829	-255.121571
3.779829	-257.597887
3.780829	-259.588675
3.781829	-261.101401
3.782829	-262.145374
3.783829	-262.731692
3.784829	-262.873184
3.785829	-262.584357
3.786829	-261.881337
3.787829	-260.781819
3.788829	-259.305008
3.789829	-257.471564
3.790829	-255.303546
3.791829	-252.824359
3.792829	-250.058696
3.793829	-247.032472
3.794829	-243.772696
3.795829	-240.307301
3.796829	-236.664964
3.797829	-232.874934
3.798829	-228.966852
3.799829	-224.970578
3.800829	-220.916014
3.801829	-216.832924
3.802829	-212.750766
3.803829	-208.698505
3.804829	-204.704446
3.805829	-200.796055
3.806829	-196.999778
3.807829	-193.340874
3.808829	-189.843229
3.809829	-186.529186
3.810829	-183.419369
3.811829	-180.532502
3.812829	-177.885237
3.813829	-175.491977
3.814829	-173.364697
3.815829	-171.512774
3.816829	-169.942802
3.817829	-168.658456
3.818829	-167.660495
3.819829	-166.946907
3.820829	-166.513055
3.821829	-166.351827
3.822829	-166.453788
3.823829	-166.807329
3.824829	-167.398818
3.825829	-168.212748
3.826829	-169.231891
3.827829	-170.437443
3.828829	-171.809178
3.829829	-173.325598
3.830829	-174.964080
3.831829	-176.701030
3.832829	-178.512030
3.833829	-180.371991
3.834829	-182.255300
3.835829	-184.135971
3.836829	-185.987799
3.837829	-187.784504
3.838829	-189.499885
3.839829	-191.107969
3.840829	-192.583162
3.841829	-193.900390
3.842829	-195.035212
3.843829	-195.963891
3.844829	-196.663477
3.845829	-197.111876
3.846829	-197.287931
3.847829	-197.171489
3.848829	-196.743485
3.849829	-195.986010
3.850829	-194.882392
3.851829	-193.417266
3.852829	-191.576653
3.853829	-189.348033
3.854829	-186.720419
3.855829	-183.684437
3.856829	-180.232396
3.857829	-176.358365
3.858829	-172.058248
3.859829	-167.329862
3.860829	-162.173006
3.861829	-156.589541
3.862829	-150.583465
3.863829	-144.160986
3.864829	-137.330596
3.865829	-130.103135
3.866829	-122.491749
3.867829	-114.511771
3.868829	-106.180591
3.869829	-97.517526
3.870829	-88.543689
3.871829	-79.281859
3.872829	-69.756352
3.873829	-59.992888
3.874829	-50.018466
3.875829	-39.861225
3.876829	-29.550324
3.877829	-19.115804
3.878829	-8.588461
3.879829	2.000283
3.880829	12.618515
3.881829	23.233955
3.882829	33.814091
3.883829	44.326307
3.884829	54.738014
3.885829	65.016780
3.886829	75.130461
3.887829	85.047329
3.888829	94.736204
3.889829	104.166583
3.890829	113.308746
3.891829	122.133852
3.892829	130.614031
3.893829	138.722474
3.894829	146.433528
3.895829	153.722785
3.896829	160.567174
3.897829	166.945054
3.898829	172.836305
3.899829	178.222419
3.900829	183.086596
3.901829	187.413828
3.902829	191.190998
3.903829	194.406969
3.904829	197.052674
3.905829	199.121213
3.906829	200.607937
3.907829	201.510548
3.908829	201.829185
3.909829	201.566518
3.910829	200.727840
3.911829	199.321157
3.912829	197.357282
3.913829	194.849905
3.914829	191.815528
3.915829	188.273262
3.916829	184.244621
3.917829	179.753299
3.918829	174.824958
3.919829	169.487016
3.920829	163.768426
3.921829	157.699464
3.922829	151.311517
3.923829	144.636862
3.924829	137.708454
3.925829	130.559713
3.926829	123.224305
3.927829	115.735930
3.928829	108.128105
3.929829	100.433949
3.930829	92.685971
3.931829	84.915851
3.932829	77.154228
3.933829	69.430482
3.934829	61.772522
3.935829	54.206569
3.936829	46.756941
3.937829	39.445860
3.938829	32.293379
3.939829	25.317451
3.940829	18.534012
3.941829	11.957058
3.942829	5.598734
3.943829	-0.530587
3.944829	-6.422224
3.945829	-12.069099
3.946829	-17.465660
3.947829	-22.607797
3.948829	-27.492759
3.949829	-32.119072
3.950829	-36.486457
3.951829	-40.595744
3.952829	-44.448798
3.953829	-48.048426
3.954829	-51.398302
3.955829	-54.502883
3.956829	-57.367323
3.957829	-59.997397
3.958829	-62.399412
3.959829	-64.580128
3.960829	-66.546676
3.961829	-68.306476
3.962829	-69.867180
3.963829	-71.236632
3.964829	-72.422833
3.965829	-73.433909
3.966829	-74.278071
3.967829	-74.963585
3.968829	-75.498734
3.969829	-75.891784
3.970829	-76.150949
3.971829	-76.284357
3.972829	-76.300014
3.973829	-76.205769
3.974829	-76.009278
3.975829	-75.717973
3.976829	-75.339023
3.977829	-74.879301
3.978829	-74.345348
3.979829	-73.743339
3.980829	-73.079047
3.981829	-72.357812
3.982829	-71.584498
3.983829	-70.763467
3.984829	-69.898537
3.985829	-68.992955
3.986829	-68.049370
3.987829	-67.069834
3.988829	-66.055795
3.989829	-65.008096
3.990829	-63.926970
3.991829	-62.812038
3.992829	-61.662307
3.993829	-60.476164
3.994829	-59.251375
3.995829	-57.985084
3.996829	-56.673803
3.997829	-55.313418
3.998829	-53.899179
3.999829	-52.425698
4.000829	-50.886950
4.001829	-49.276265
4.002829	-47.586327
4.003829	-45.809172
4.004829	-43.936182
4.005829	-41.958087
4.006829	-39.864954
4.007829	-37.646192
4.008829	-35.290544
4.009829	-32.786092
4.010829	-30.120314
4.011829	-27.280201
4.012829	-24.252388
4.013829	-21.023285
4.014829	-17.579203
4.015829	-13.906485
4.016829	-9.991637
4.017829	-5.821455
4.018829	-1.383153
4.019829	3.335500
4.020829	8.346060
4.021829	13.659272
4.022829	19.284946
4.023829	25.231820
4.024829	31.507438
4.025829	38.118017
4.026829	45.068318
4.027829	52.361516
4.028829	59.999073
4.029829	67.980606
4.030829	76.303757
4.031829	84.964067
4.032829	93.954843
4.033829	103.267044
4.034829	112.889270
4.035829	122.807893
4.036829	133.007203
4.037829	143.469561
4.038829	154.175550
4.039829	165.104123
4.040829	176.232759
4.041829	187.537605
4.042829	198.993634
4.043829	210.574794
4.044829	222.254156
4.045829	234.004066
4.046829	245.796298
4.047829	257.602198
4.048829	269.392844
4.049829	281.139187
4.050829	292.812210
4.051829	304.383071
4.052829	315.823260
4.053829	327.104745
4.054829	338.200124
4.055829	349.082779
4.056829	359.727020
4.057829	370.108235
4.058829	380.202989
4.059829	389.989058
4.060829	399.445461
4.061829	408.552479
4.062829	417.291691
4.063829	425.645992
4.064829	433.599623
4.065829	441.138198
4.066829	448.248729
4.067829	454.919653
4.068829	461.140859
4.069829	466.903715
4.070829	472.201090
4.071829	477.027388
4.072829	481.378567
4.073829	485.252170
4.074829	488.647350
4.075829	491.564897
4.076829	494.007264
4.077829	495.978593
4.078829	497.484742
4.079829	498.533312
4.080829	499.133672
4.081829	499.296981
4.082829	499.036143
4.083829	498.365680
4.084829	497.301588
4.085829	495.861191
4.086829	494.062993
4.087829	491.926540
4.088829	489.472265
4.089829	486.721353
4.090829	483.695589
4.091829	480.417214
4.092829	476.908783
4.093829	473.193015
4.094829	469.292654
4.095829	465.230316
4.096829	461.028352
4.097829	456.708698
4.098829	452.292728
4.099829	447.801116
4.100829	443.253684
4.101829	438.669260
4.102829	434.065532
4.103829	429.458904
4.104829	424.864350
4.105829	420.295273
4.106829	415.763438
4.107829	411.278991
4.108829	406.850506
4.109829	402.485027
4.110829	398.188113
4.111829	393.963878
4.112829	389.815041
4.113829	385.742966
4.114829	381.747706
4.115829	377.828046
4.116829	373.981549
4.117829	370.204600
4.118829	366.492446
4.119829	362.839244
4.120829	359.238104
4.121829	355.681130
4.122829	352.159467
4.123829	348.663342
4.124829	345.182112
4.125829	341.704303
4.126829	338.217658
4.127829	334.709175
4.128829	331.165159
4.129829	327.571261
4.130829	323.912562
4.131829	320.173701
4.132829	316.339014
4.133829	312.392674
4.134829	308.318828
4.135829	304.101744
4.136829	299.725941
4.137829	295.176338
4.138829	290.438386
4.139829	285.498212
4.140829	280.342760
4.141829	274.959926
4.142829	269.338701
4.143829	263.469309
4.144829	257.343350
4.145829	250.953935
4.146829	244.295828
4.147829	237.365588
4.148829	230.161704
4.149829	222.684739
4.150829	214.937467
4.151829	206.925014
4.152829	198.654995
4.153829	190.137651
4.154829	181.385856
4.155829	172.414957
4.156829	163.242565
4.157829	153.888346
4.158829	144.373817
4.159829	134.722134
4.160829	124.957886
4.161829	115.106885
4.162829	105.195964
4.163829	95.252762
4.164829	85.305519
4.165829	75.382869
4.166829	65.513633
4.167829	55.726607
4.168829	46.050357
4.169829	36.513013
4.170829	27.142056
4.171829	17.964114
4.172829	9.004754
4.173829	0.288272
4.174829	-8.162513
4.175829	-16.326467
4.176829	-24.184351
4.177829	-31.719020
4.178829	-38.915526
4.179829	-45.761074
4.180829	-52.244928
4.181829	-58.358323
4.182829	-64.094374
4.183829	-69.447991
4.184829	-74.415784
4.185829	-78.995979
4.186829	-83.188324
4.187829	-86.994000
4.188829	-90.415535
4.189829	-93.456711
4.190829	-96.122476
4.191829	-98.418854
4.192829	-100.352857
4.193829	-101.932393
4.194829	-103.166178
4.195829	-104.063648
4.196829	-104.634865
4.197829	-104.890433
4.198829	-104.841405
4.199829	-104.499195
4.200829	-103.875487
4.201829	-102.982148
4.202829	-101.831163
4.203829	-100.434607
4.204829	-98.804624
4.205829	-96.953413
4.206829	-94.893205
4.207829	-92.636252
4.208829	-90.194801
4.209829	-87.581085
4.210829	-84.807296
4.211829	-81.885573
4.212829	-78.827982
4.213829	-75.646499
4.214829	-72.352989
4.215829	-68.959194
4.216829	-65.476708
4.217829	-61.916965
4.218829	-58.291216
4.219829	-54.610515
4.220829	-50.885700
4.221829	-47.127374
4.222829	-43.345887
4.223829	-39.551319
4.224829	-35.753461
4.225829	-31.961801
4.226829	-28.185501
4.227829	-24.433396
4.228829	-20.713977
4.229829	-17.035390
4.230829	-13.405421
4.231829	-9.831491
4.232829	-6.320643
4.233829	-2.879540
4.234829	0.485550
4.235829	3.768760
4.236829	6.964633
4.237829	10.068130
4.238829	13.074641
4.239829	15.979993
4.240829	18.780455
4.241829	21.472752
4.242829	24.054074
4.243829	26.522077
4.244829	28.874902
4.245829	31.111177
4.246829	33.230027
4.247829	35.231084
4.248829	37.114497
4.249829	38.880935
4.250829	40.531592
4.251829	42.068167
4.252829	43.492843
4.253829	44.808263
4.254829	46.017509
4.255829	47.124079
4.256829	48.131866
4.257829	49.045134
4.258829	49.868499
4.259829	50.606900
4.260829	51.265585
4.261829	51.850082
4.262829	52.366181
4.263829	52.819910
4.264829	53.217511
4.265829	53.565422
4.266829	53.870252
4.267829	54.138756
4.268829	54.377820
4.269829	54.594432
4.270829	54.795661
4.271829	54.988638
4.272829	55.180531
4.273829	55.378523
4.274829	55.589788
4.275829	55.821468
4.276829	56.080645
4.277829	56.374318
4.278829	56.709373
4.279829	57.092560
4.280829	57.530470
4.281829	58.029501
4.282829	58.595841
4.283829	59.235439
4.284829	59.953976
4.285829	60.756843
4.286829	61.649115
4.287829	62.635526
4.288829	63.720437
4.289829	64.907820
4.290829	66.201224
4.291829	67.603753
4.292829	69.118041
4.293829	70.746223
4.294829	72.489912
4.295829	74.350173
4.296829	76.327496
4.297829	78.421770
4.298829	80.632283
4.299829	82.957752
4.300829	85.396377
4.301829	87.945889
4.302829	90.603597
4.303829	93.366443
4.304829	96.231050
4.305829	99.193769
4.306829	102.250730
4.307829	105.397896
4.308829	108.631104
4.309829	111.946126
4.310829	115.338707
4.311829	118.804624
4.312829	122.339731
4.313829	125.940010
4.314829	129.601621
4.315829	133.320952
4.316829	137.094666
4.317829	140.919756
4.318829	144.793588
4.319829	148.713959
4.320829	152.679137
4.321829	156.687920
4.322829	160.739643
4.323829	164.834142
4.324829	168.971673
4.325829	173.152848
4.326829	177.378561
4.327829	181.649921
4.328829	185.968175
4.329829	190.334642
4.330829	194.750640
4.331829	199.217415
4.332829	203.736073
4.333829	208.307503
4.334829	212.932314
4.335829	217.610758
4.336829	222.342661
4.337829	227.127353
4.338829	231.963596
4.339829	236.849513
4.340829	241.782518
4.341829	246.759246
4.342829	251.775479
4.343829	256.826078
4.344829	261.904910
4.345829	267.004781
4.346829	272.117398
4.347829	277.233419
4.348829	282.342518
4.349829	287.433466
4.350829	292.494204
4.351829	297.511914
4.352829	302.473096
4.353829	307.363642
4.354829	312.168907
4.355829	316.873788
4.356829	321.462795
4.357829	325.920125
4.358829	330.229738
4.359829	334.375429
4.360829	338.340904
4.361829	342.109852
4.362829	345.666023
4.363829	348.993297
4.364829	352.075761
4.365829	354.897785
4.366829	357.444091
4.367829	359.699832
4.368829	361.650664
4.369829	363.282820
4.370829	364.583184
4.371829	365.539372
4.372829	366.139805
4.373829	366.373788
4.374829	366.231588
4.375829	365.704512
4.376829	364.784982
4.377829	363.466617
4.378829	361.744306
4.379829	359.614289
4.380829	357.074232
4.381829	354.123306
4.382829	350.762265
4.383829	346.993521
4.384829	342.821225
4.385829	338.251342
4.386829	333.291731
4.387829	327.952217
4.388829	322.244678
4.389829	316.183113
4.390829	309.783725
4.391829	303.064998
4.392829	296.047773
4.393829	288.755324
4.394829	281.213352
4.395829	273.449789
4.396829	265.494514
4.397829	257.379068
4.398829	249.136374
4.399829	240.800453
4.400829	232.406138
4.401829	223.988793
4.402829	215.584029
4.403829	207.227419
4.404829	198.954217
4.405829	190.799072
4.406829	182.795749
4.407829	174.976839
4.408829	167.373481
4.409829	160.015075
4.410829	152.929002
4.411829	146.140336
4.412829	139.671565
4.413829	133.542306
4.414829	127.769020
4.415829	122.364730
4.416829	117.338738
4.417829	112.696344
4.418829	108.438688
4.419829	104.562916
4.420829	101.062477
4.421829	97.927429
4.422829	95.144746
4.423829	92.698622
4.424829	90.570778
4.425829	88.740766
4.426829	87.186273
4.427829	85.883432
4.428829	84.807121
4.429829	83.931273
4.430829	83.229178
4.431829	82.673791
4.432829	82.238038
4.433829	81.895119
4.434829	81.618813
4.435829	81.383787
4.436829	81.165901
4.437829	80.942507
4.438829	80.692764
4.439829	80.397937
4.440829	80.041705
4.441829	79.610461
4.442829	79.093522
4.443829	78.483060
4.444829	77.773917
4.445829	76.963415
4.446829	76.051162
4.447829	75.038862
4.448829	73.930126
4.449829	72.730277
4.450829	71.446162
4.451829	70.085957
4.452829	68.658981
4.453829	67.175498
4.454829	65.646533
4.455829	64.083673
4.456829	62.498885
4.457829	60.904314
4.458829	59.312101
4.459829	57.734187
4.460829	56.182123
4.461829	54.666878
4.462829	53.198647
4.463829	51.786663
4.464829	50.439003
4.465829	49.162399
4.466829	47.962102
4.467829	46.841917
4.468829	45.804303
4.469829	44.850491
4.470829	43.980588
4.471829	43.193691
4.472829	42.487997
4.473829	41.860912
4.474829	41.309165
4.475829	40.828913
4.476829	40.415856
4.477829	40.065346
4.478829	39.772498
4.479829	39.532298
4.480829	39.339717
4.481829	39.189820
4.482829	39.077875
4.483829	38.999467
4.484829	38.950603
4.485829	38.927828
4.486829	38.928334
4.487829	38.950068
4.488829	38.991844
4.489829	39.053454
4.490829	39.135739
4.491829	39.240552
4.492829	39.370661
4.493829	39.529653
4.494829	39.721839
4.495829	39.952150
4.496829	40.226048
4.497829	40.549423
4.498829	40.928495
4.499829	41.369721
4.500829	41.879696
4.501829	42.465054
4.502829	43.132371
4.503829	43.888070
4.504829	44.738321
4.505829	45.688944
4.506829	46.745314
4.507829	47.912260
4.508829	49.193971
4.509829	50.593897
4.510829	52.114651
4.511829	53.757913
4.512829	55.524332
4.513829	57.413430
4.514829	59.423537
4.515829	61.551832
4.516829	63.794447
4.517829	66.146557
4.518829	68.602492
4.519829	71.155827
4.520829	73.799490
4.521829	76.525859
4.522829	79.326864
4.523829	82.194085
4.524829	85.118858
4.525829	88.092366
4.526829	91.105751
4.527829	94.150206
4.528829	97.217079
4.529829	100.297971
4.530829	103.384841
4.531829	106.470102
4.532829	109.546725
4.533829	112.608335
4.534829	115.649316
4.535829	118.664911
4.536829	121.651318
4.537829	124.605797
4.538829	127.526733
4.539829	130.413605
4.540829	133.266899
4.541829	136.088007
4.542829	138.879140
4.543829	141.643230
4.544829	144.383841
4.545829	147.105070
4.546829	149.811456
4.547829	152.507888
4.548829	155.199509
4.549829	157.891622
4.550829	160.589599
4.551829	163.298785
4.552829	166.024406
4.553829	168.771472
4.554829	171.544689
4.555829	174.348362
4.556829	177.186299
4.557829	180.061723
4.558829	182.977173
4.559829	185.934416
4.560829	188.934347
4.561829	191.976901
4.562829	195.060975
4.563829	198.184432
4.564829	201.344135
4.565829	204.535993
4.566829	207.755000
4.567829	210.995280
4.568829	214.250127
4.569829	217.512048
4.570829	220.772807
4.571829	224.023461
4.572829	227.254410
4.573829	230.455434
4.574829	233.615735
4.575829	236.723983
4.576829	239.768354
4.577829	242.736575
4.578829	245.615963
4.579829	248.393470
4.580829	251.055725
4.581829	253.589073
4.582829	255.979622
4.583829	258.213280
4.584829	260.275801
4.585829	262.152824
4.586829	263.829928
4.587829	265.292717
4.588829	266.526927
4.589829	267.518536
4.590829	268.253874
4.591829	268.719734
4.592829	268.903475
4.593829	268.793141
4.594829	268.377561
4.595829	267.646465
4.596829	266.590591
4.597829	265.201792
4.598829	263.473151
4.599829	261.399084
4.600829	258.975454
4.601829	256.199680
4.602829	253.070842
4.603829	249.589798
4.604829	245.759285
4.605829	241.584035
4.606829	237.070880
4.607829	232.228864
4.608829	227.069352
4.609829	221.606137
4.610829	215.855509
4.611829	209.836144
4.612829	203.568888
4.613829	197.076534
4.614829	190.383592
4.615829	183.516071
4.616829	176.501247
4.617829	169.367441
4.618829	162.143795
4.619829	154.860045
4.620829	147.546296
4.621829	140.232799
4.622829	132.949722
4.623829	125.726928
4.624829	118.593751
4.625829	111.578766
4.626829	104.709569
4.627829	98.012549
4.628829	91.512663
4.629829	85.233214
4.630829	79.195619
4.631829	73.419193
4.632829	67.920918
4.633829	62.715217
4.634829	57.813781
4.635829	53.225579
4.636829	48.957005
4.637829	45.012030
4.638829	41.392353
4.639829	38.097563
4.640829	35.125284
4.641829	32.471332
4.642829	30.129871
4.643829	28.093564
4.644829	26.353727
4.645829	24.900485
4.646829	23.722922
4.647829	22.809237
4.648829	22.146900
4.649829	21.722801
4.650829	21.523406
4.651829	21.534913
4.652829	21.743401
4.653829	22.134989
4.654829	22.695985
4.655829	23.413042
4.656829	24.273314
4.657829	25.264604
4.658829	26.375499
4.659829	27.595388
4.660829	28.914409
4.661829	30.323389
4.662829	31.813784
4.663829	33.377618
4.664829	35.007424
4.665829	36.696183
4.666829	38.437262
4.667829	40.224360
4.668829	42.051439
4.669829	43.912672
4.670829	45.802377
4.671829	47.714960
4.672829	49.644854
4.673829	51.586457
4.674829	53.534075
4.675829	55.481861
4.676829	57.423752
4.677829	59.353412
4.678829	61.264171
4.679829	63.148963
4.680829	65.000270
4.681829	66.810056
4.682829	68.569731
4.683829	70.270181
4.684829	71.901874
4.685829	73.454957
4.686829	74.919361
4.687829	76.284901
4.688829	77.541384
4.689829	78.678707
4.690829	79.686961
4.691829	80.556536
4.692829	81.278220
4.693829	81.843305
4.694829	82.243687
4.695829	82.471972
4.696829	82.521576
4.697829	82.386828
4.698829	82.063075
4.699829	81.546782
4.700829	80.835636
4.701829	79.928650
4.702829	78.826262
4.703829	77.530443
4.704829	76.044796
4.705829	74.374658
4.706829	72.527176
4.707829	70.511228
4.708829	68.337230
4.709829	66.016936
4.710829	63.563234
4.711829	60.989944
4.712829	58.311612
4.713829	55.543312
4.714829	52.700439
4.715829	49.798511
4.716829	46.852959
4.717829	43.878934
4.718829	40.891093
4.719829	37.903407
4.720829	34.928950
4.721829	31.979701
4.722829	29.066340
4.723829	26.198044
4.724829	23.382285
4.725829	20.624628
4.726829	17.928527
4.727829	15.295125
4.728829	12.723046
4.729829	10.208197
4.730829	7.743609
4.731829	5.319514
4.732829	2.923611
4.733829	0.541356
4.734829	-1.843754
4.735829	-4.249894
4.736829	-6.696622
4.737829	-9.204595
4.738829	-11.795279
4.739829	-14.490666
4.740829	-17.312985
4.741829	-20.284416
4.742829	-23.426800
4.743829	-26.761358
4.744829	-30.308399
4.745829	-34.087037
4.746829	-38.114902
4.747829	-42.407852
4.748829	-46.979690
4.749829	-51.841875
4.750829	-57.003234
4.751829	-62.469676
4.752829	-68.243909
4.753829	-74.325147
4.754829	-80.708874
4.755829	-87.386854
4.756829	-94.347365
4.757829	-101.575453
4.758829	-109.053183
4.759829	-116.759892
4.760829	-124.672447
4.761829	-132.765498
4.762829	-141.011728
4.763829	-149.382110
4.764829	-157.846161
4.765829	-166.372196
4.766829	-174.927580
4.767829	-183.478982
4.768829	-191.992631
4.769829	-200.434568
4.770829	-208.770902
4.771829	-216.968060
4.772829	-224.993044
4.773829	-232.813685
4.774829	-240.398895
4.775829	-247.718922
4.776829	-254.745603
4.777829	-261.452619
4.778829	-267.815722
4.779829	-273.812809
4.780829	-279.423863
4.781829	-284.630869
4.782829	-289.417742
4.783829	-293.770247
4.784829	-297.675920
4.785829	-301.123994
4.786829	-304.105314
4.787829	-306.612267
4.788829	-308.638699
4.789829	-310.179837
4.790829	-311.232217
4.791829	-311.793597
4.792829	-311.862887
4.793829	-311.440068
4.794829	-310.526112
4.795829	-309.122907
4.796829	-307.233180
4.797829	-304.860416
4.798829	-302.008781
4.799829	-298.683046
4.800829	-294.888506
4.801829	-290.630907
4.802829	-285.916366
4.803829	-280.751349
4.804829	-275.142663
4.805829	-269.097471
4.806829	-262.623295
4.807829	-255.728024
4.808829	-248.419924
4.809829	-240.707643
4.810829	-232.600216
4.811829	-224.107079
4.812829	-215.238068
4.813829	-206.003434
4.814829	-196.413845
4.815829	-186.480395
4.816829	-176.214613
4.817829	-165.628466
4.818829	-154.734373
4.819829	-143.545205
4.820829	-132.074296
4.821829	-120.335451
4.822829	-108.342953
4.823829	-96.111567
4.824829	-83.656553
4.825829	-70.993667
4.826829	-58.139172
4.827829	-45.109825
4.828829	-31.922853
4.829829	-18.595932
4.830829	-5.147160
4.831829	8.404973
4.832829	22.041602
4.833829	35.743517
4.834829	49.491190
4.835829	63.264794
4.836829	77.044235
4.837829	90.809172
4.838829	104.539045
4.839829	118.213099
4.840829	131.810411
4.841829	145.309911
4.842829	158.690414
4.843829	171.930638
4.844829	185.009234
4.845829	197.904808
4.846829	210.595951
4.847829	223.061256
4.848829	235.279354
4.849829	247.228929
4.850829	258.888752
4.851829	270.237724
4.852829	281.254940
4.853829	291.919755
4.854829	302.211849
4.855829	312.111294
4.856829	321.598619
4.857829	330.654878
4.858829	339.261712
4.859829	347.401420
4.860829	355.057021
4.861829	362.212321
4.862829	368.851979
4.863829	374.961575
4.864829	380.527672
4.865829	385.537885
4.866829	389.980946
4.867829	393.846770
4.868829	397.126520
4.869829	399.812674
4.870829	401.899092
4.871829	403.381079
4.872829	404.255454
4.873829	404.520614
4.874829	404.176596
4.875829	403.225109
4.876829	401.669530
4.877829	399.514898
4.878829	396.767907
4.879829	393.436895
4.880829	389.531841
4.881829	385.064358
4.882829	380.047679
4.883829	374.496657
4.884829	368.427754
4.885829	361.859034
4.886829	354.810156
4.887829	347.302366
4.888829	339.358490
4.889829	331.002927
4.890829	322.261642
4.891829	313.162155
4.892829	303.733540
4.893829	294.006410
4.894829	284.012917
4.895829	273.786739
4.896829	263.363075
4.897829	252.778639
4.898829	242.071637
4.899829	231.281655
4.900829	220.449442
4.901829	209.616666
4.902829	198.825685
4.903829	188.119301
4.904829	177.540530
4.905829	167.132360
4.906829	156.937515
4.907829	146.998220
4.908829	137.355959
4.909829	128.051242
4.910829	119.123365
4.911829	110.610175
4.912829	102.547830
4.913829	94.970563
4.914829	87.910446
4.915829	81.397149
4.916829	75.457706
4.917829	70.116279
4.918829	65.393914
4.919829	61.308312
4.920829	57.873585
4.921829	55.100023
4.922829	52.993873
4.923829	51.557298
4.924829	50.788528
4.925829	50.682053
4.926829	51.228815
4.927829	52.416396
4.928829	54.229211
4.929829	56.648697
4.930829	59.653506
4.931829	63.219693
4.932829	67.320909
4.933829	71.928592
4.934829	77.012155
4.935829	82.539179
4.936829	88.475605
4.937829	94.785922
4.938829	101.433359
4.939829	108.380075
4.940829	115.587352
4.941829	123.015783
4.942829	130.625465
4.943829	138.376189
4.944829	146.227630
4.945829	154.139538
4.946829	162.071928
4.947829	169.985252
4.948829	177.840549
4.949829	185.599593
4.950829	193.225040
4.951829	200.680578
4.952829	207.931069
4.953829	214.942704
4.954829	221.683141
4.955829	228.121663
4.956829	234.229317
4.957829	239.979063
4.958829	245.345927
4.959829	250.307142
4.960829	254.842296
4.961829	258.933484
4.962829	262.565452
4.963829	265.725743
4.964829	268.404849
4.965829	270.596353
4.966829	272.297082
4.967829	273.507249
4.968829	274.230606
4.969829	274.474586
4.970829	274.250434
4.971829	273.573157
4.972829	272.461229
4.973829	270.936262
4.974829	269.022668
4.975829	266.747325
4.976829	264.139246
4.977829	261.229239
4.978829	258.049575
4.979829	254.633654
4.980829	251.015670
4.981829	247.230275
4.982829	243.312247
4.983829	239.296153
4.984829	235.216014
4.985829	231.104975
4.986829	226.994964
4.987829	222.916362
4.988829	218.897666
4.989829	214.965157
4.990829	211.142563
4.991829	207.450723
4.992829	203.907258
4.993829	200.526231
4.994829	197.317837
4.995829	194.288328
4.996829	191.440262
4.997829	188.772814
4.998829	186.282091
4.999829	183.961443
5.000829	181.801781
5.001829	179.791887
5.002829	177.918731
5.003829	176.167779
5.004829	174.523312
5.005829	172.968739
5.006829	171.486907
5.007829	170.060420
5.008829	168.671946
5.009829	167.304538
5.010829	165.941942
5.011829	164.568912
5.012829	163.171526
5.013829	161.737497
5.014829	160.256486
5.015829	158.720421
5.016829	157.123802
5.017829	155.464023
5.018829	153.741661
5.019829	151.960561
5.020829	150.127617
5.021829	148.252483
5.022829	146.347289
5.023829	144.426359
5.024829	142.505918
5.025829	140.603811
5.026829	138.739217
5.027829	136.932361
5.028829	135.204228
5.029829	133.576281
5.030829	132.070170
5.031829	130.707450
5.032829	129.509294
5.033829	128.496204
5.034829	127.687732
5.035829	127.102188
5.036829	126.756355
5.037829	126.665206
5.038829	126.841617
5.039829	127.296079
5.040829	128.036415
5.041829	129.067492
5.042829	130.390950
5.043829	132.005096
5.044829	133.905047
5.045829	136.082929
5.046829	138.528078
5.047829	141.227237
5.048829	144.164758
5.049829	147.322804
5.050829	150.681546
5.051829	154.219363
5.052829	157.913043
5.053829	161.737984
5.054829	165.668391
5.055829	169.677480
5.056829	173.737674
5.057829	177.820805
5.058829	181.898315
5.059829	185.941452
5.060829	189.921476
5.061829	193.809854
5.062829	197.578460
5.063829	201.199780
5.064829	204.647106
5.065829	207.894738
5.066829	210.918184
5.067829	213.694298
5.068829	216.201349
5.069829	218.419065
5.070829	220.328680
5.071829	221.912975
5.072829	223.156325
5.073829	224.044746
5.074829	224.565937
5.075829	224.709327
5.076829	224.466117
5.077829	223.829329
5.078829	222.793849
5.079829	221.356472
5.080829	219.515946
5.081829	217.273020
5.082829	214.630484
5.083829	211.593221
5.084829	208.168245
5.085829	204.364749
5.086829	200.194153
5.087829	195.670142
5.088829	190.808718
5.089829	185.628241
5.090829	180.149467
5.091829	174.395489
5.092829	168.391508
5.093829	162.164570
5.094829	155.743298
5.095829	149.157624
5.096829	142.438522
5.097829	135.617741
5.098829	128.727537
5.099829	121.800408
5.100829	114.868825
5.101829	107.964963
5.102829	101.120440
5.103829	94.366042
5.104829	87.731461
5.105829	81.245027
5.106829	74.933440
5.107829	68.821502
5.108829	62.931850
5.109829	57.284693
5.110829	51.897539
5.111829	46.784929
5.112829	41.958173
5.113829	37.425081
5.114829	33.189705
5.115829	29.252249
5.116829	25.609263
5.117829	22.253910
5.118829	19.176233
5.119829	16.363433
5.120829	13.800131
5.121829	11.468643
5.122829	9.349248
5.123829	7.420459
5.124829	5.659292
5.125829	4.041539
5.126829	2.542034
5.127829	1.134925
5.128829	-0.206056
5.129829	-1.507321
5.130829	-2.795159
5.131829	-4.095465
5.132829	-5.433469
5.133829	-6.833466
5.134829	-8.318548
5.135829	-9.910330
5.136829	-11.628684
5.137829	-13.491466
5.138829	-15.514254
5.139829	-17.710185
5.140829	-20.089979
5.141829	-22.662015
5.142829	-25.432405
5.143829	-28.405073
5.144829	-31.581833
5.145829	-34.962461
5.146829	-38.544775
5.147829	-42.324709
5.148829	-46.296394
5.149829	-50.452229
5.150829	-54.782962
5.151829	-59.277763
5.152829	-63.924305
5.153829	-68.708835
5.154829	-73.616255
5.155829	-78.630196
5.156829	-83.733098
5.157829	-88.906280
5.158829	-94.130024
5.159829	-99.383647
5.160829	-104.645579
5.161829	-109.893439
5.162829	-115.104113
5.163829	-120.253854
5.164829	-125.318427
5.165829	-130.273263
5.166829	-135.093614
5.167829	-139.754711
5.168829	-144.231921
5.169829	-148.500900
5.170829	-152.537753
5.171829	-156.319186
5.172829	-159.822665
5.173829	-163.026570
5.174829	-165.910354
5.175829	-168.454698
5.176829	-170.641663
5.177829	-172.454853
5.178829	-173.879567
5.179829	-174.902955
5.180829	-175.514176
5.181829	-175.704552
5.182829	-175.467726
5.183829	-174.799816
5.184829	-173.699575
5.185829	-172.168542
5.186829	-170.211197
5.187829	-167.835008
5.188829	-165.050284
5.189829	-161.869959
5.190829	-158.309378
5.191829	-154.386082
5.192829	-150.119594
5.193829	-145.531200
5.194829	-140.643739
5.195829	-135.481386
5.196829	-130.069435
5.197829	-124.434087
5.198829	-118.602234
5.199829	-112.601243
5.200829	-106.458742
5.201829	-100.202404
5.202829	-93.859734
5.203829	-87.457852
5.204829	-81.023278
5.205829	-74.581718
5.206829	-68.157848
5.207829	-61.775102
5.208829	-55.455452
5.209829	-49.219195
5.210829	-43.084747
5.211829	-37.068520
5.212829	-31.185016
5.213829	-25.446974
5.214829	-19.865529
5.215829	-14.450364
5.216829	-9.209867
5.217829	-4.151281
5.218829	0.719134
5.219829	5.395954
5.220829	9.874432
5.221829	14.150343
5.222829	18.219833
5.223829	22.079260
5.224829	25.725043
5.225829	29.153503
5.226829	32.360714
5.227829	35.342345
5.228829	38.093504
5.229829	40.608587
5.230829	42.881121
5.231829	44.903609
5.232829	46.667378
5.233829	48.162421
5.234829	49.377250
5.235829	50.298847
5.236829	50.912849
5.237829	51.203809
5.238829	51.155461
5.239829	50.750986
5.240829	49.973277
5.241829	48.805202
5.242829	47.229869
5.243829	45.230893
5.244829	42.792662
5.245829	39.900596
5.246829	36.541418
5.247829	32.703415
5.248829	28.376706
5.249829	23.553505
5.250829	18.228385
5.251829	12.398545
5.252829	6.064074
5.253829	-0.771784
5.254829	-8.102366
5.255829	-15.917322
5.256829	-24.202355
5.257829	-32.938952
5.258829	-42.104128
5.259829	-51.670319
5.260829	-61.605640
5.261829	-71.874266
5.262829	-82.436827
5.263829	-93.250793
5.264829	-104.270866
5.265829	-115.449373
5.266829	-126.736648
5.267829	-138.081431
5.268829	-149.431252
5.269829	-160.732823
5.270829	-171.932427
5.271829	-182.976308
5.272829	-193.811063
5.273829	-204.384029
5.274829	-214.643673
5.275829	-224.539985
5.276829	-234.024866
5.277829	-243.052514
5.278829	-251.579823
5.279829	-259.566764
5.280829	-266.976780
5.281829	-273.777173
5.282829	-279.939492
5.283829	-285.439793
5.284829	-290.258604
5.285829	-294.380767
5.286829	-297.795289
5.287829	-300.495174
5.288829	-302.477274
5.289829	-303.742127
5.290829	-304.293801
5.291829	-304.139737
5.292829	-303.290590
5.293829	-301.760073
5.294829	-299.564798
5.295829	-296.724122
5.296829	-293.259984
5.297829	-289.196752
5.298829	-284.561064
5.299829	-279.381670
5.300829	-273.689275
5.301829	-267.516384
5.302829	-260.897138
5.303829	-253.867165
5.304829	-246.463414
5.305829	-238.724006
5.306829	-230.688068
5.307829	-222.395570
5.308829	-213.887122
5.309829	-205.203764
5.310829	-196.386754
5.311829	-187.477356
5.312829	-178.516628
5.313829	-169.545212
5.314829	-160.603117
5.315829	-151.729514
5.316829	-142.962521
5.317829	-134.338988
5.318829	-125.894291
5.319829	-117.662117
5.320829	-109.674252
5.321829	-101.960368
5.322829	-94.547817
5.323829	-87.461412
5.324829	-80.723218
5.325829	-74.352343
5.326829	-68.364720
5.327829	-62.772901
5.328829	-57.585843
5.329829	-52.808695
5.330829	-48.442591
5.331829	-44.484545
5.332829	-40.927631
5.333829	-37.761280
5.334829	-34.971588
5.335829	-32.541615
5.336829	-30.451697
5.337829	-28.679743
5.338829	-27.201543
5.339829	-25.991075
5.340829	-25.020802
5.341829	-24.261987
5.342829	-23.684985
5.343829	-23.259560
5.344829	-22.955179
5.345829	-22.741323
5.346829	-22.587790
5.347829	-22.464997
5.348829	-22.344287
5.349829	-22.198233
5.350829	-22.000943
5.351829	-21.728362
5.352829	-21.358579
5.353829	-20.872131
5.354829	-20.252304
5.355829	-19.485350
5.356829	-18.560459
5.357829	-17.469625
5.358829	-16.207501
5.359829	-14.771256
5.360829	-13.160440
5.361829	-11.376834
5.362829	-9.424314
5.363829	-7.308706
5.364829	-5.037647
5.365829	-2.620440
5.366829	-0.067914
5.367829	2.607717
5.368829	5.392997
5.369829	8.273371
5.370829	11.233324
5.371829	14.256524
5.372829	17.325964
5.373829	20.424104
5.374829	23.533014
5.375829	26.634510
5.376829	29.710305
5.377829	32.742143
5.378829	35.711944
5.379829	38.601929
5.380829	41.394698
5.381829	44.073292
5.382829	46.621243
5.383829	49.022635
5.384829	51.262156
5.385829	53.325159
5.386829	55.197714
5.387829	56.866668
5.388829	58.319698
5.389829	59.545368
5.390829	60.533187
5.391829	61.273662
5.392829	61.758358
5.393829	61.979952
5.394829	61.932289
5.395829	61.610440
5.396829	61.010754
5.397829	60.130921
5.398829	58.970022
5.399829	57.528589
5.400829	55.808660
5.401829	53.813833
5.402829	51.549326
5.403829	49.022002
5.404829	46.240313
5.405829	43.214197
5.406829	39.954979
5.407829	36.475263
5.408829	32.788833
5.409829	28.910551
5.410829	24.856248
5.411829	20.642629
5.412829	16.287164
5.413829	11.807987
5.414829	7.223796
5.415829	2.553744
5.416829	-2.182657
5.417829	-6.965644
5.418829	-11.775304
5.419829	-16.591676
5.420829	-21.394858
5.421829	-26.165103
5.422829	-30.882928
5.423829	-35.529215
5.424829	-40.085311
5.425829	-44.533136
5.426829	-48.855279
5.427829	-53.034939
5.428829	-57.055341
5.429829	-60.898868
5.430829	-64.546185
5.431829	-67.975363
5.432829	-71.160994
5.433829	-74.073317
5.434829	-76.677337
5.435829	-78.931950
5.436829	-80.789058
5.437829	-82.192695
5.438829	-83.078147
5.439829	-83.371074
5.440829	-82.986629
5.441829	-81.828580
5.442829	-79.788436
5.443829	-76.744559
5.444829	-72.561293
5.445829	-67.088084
5.446829	-60.158598
5.447829	-51.589844
5.448829	-41.181297
5.449829	-28.714017
